1 -1 1.157548e+03 9.189277e+01 1.217189e+02 3.518295e+02 -1 -1 -1 -1
1 -1 1.352758e+03 1.159193e+02 1.073076e+02 2.870897e+02 -1 -1 -1 -1
1 -1 1.273500e+03 1.099028e+02 1.063824e+02 2.907853e+02 -1 -1 -1 -1
1 -1 1.499190e+03 2.192747e+02 1.968979e+02 2.577094e+02 -1 -1 -1 -1
2 -1 1.137944e+03 8.994126e+01 1.334951e+02 3.571956e+02 -1 -1 -1 -1
2 -1 1.354313e+03 1.178996e+02 1.097092e+02 2.851928e+02 -1 -1 -1 -1
2 -1 1.271198e+03 1.106459e+02 1.068777e+02 2.908500e+02 -1 -1 -1 -1
2 -1 1.496695e+03 2.169898e+02 2.013494e+02 2.587799e+02 -1 -1 -1 -1
3 -1 1.105801e+03 9.364896e+01 1.517422e+02 3.596022e+02 -1 -1 -1 -1
3 -1 1.352588e+03 1.182243e+02 1.109017e+02 2.845906e+02 -1 -1 -1 -1
3 -1 1.268225e+03 1.106807e+02 1.084433e+02 2.892984e+02 -1 -1 -1 -1
3 -1 1.500903e+03 2.171037e+02 1.975678e+02 2.591677e+02 -1 -1 -1 -1
3 -1 1.302338e+03 1.063628e+02 1.047006e+02 2.999440e+02 -1 -1 -1 -1
4 -1 1.099724e+03 9.398502e+01 1.293251e+02 3.767703e+02 -1 -1 -1 -1
4 -1 1.352486e+03 1.175292e+02 1.105724e+02 2.859412e+02 -1 -1 -1 -1
4 -1 1.267173e+03 1.091187e+02 1.065445e+02 2.903842e+02 -1 -1 -1 -1
4 -1 1.498567e+03 2.166804e+02 1.985731e+02 2.606771e+02 -1 -1 -1 -1
4 -1 1.192819e+03 1.028763e+02 7.150566e+01 3.293636e+02 -1 -1 -1 -1
4 -1 1.298388e+03 1.114576e+02 1.155215e+02 2.883879e+02 -1 -1 -1 -1
5 -1 1.089196e+03 9.157044e+01 1.245339e+02 3.887391e+02 -1 -1 -1 -1
5 -1 1.351925e+03 1.170214e+02 1.102121e+02 2.873193e+02 -1 -1 -1 -1
5 -1 1.182252e+03 1.061691e+02 8.601563e+01 3.238641e+02 -1 -1 -1 -1
5 -1 1.266763e+03 1.074074e+02 1.075058e+02 2.926127e+02 -1 -1 -1 -1
5 -1 1.497038e+03 2.186924e+02 1.989530e+02 2.577572e+02 -1 -1 -1 -1
5 -1 1.302125e+03 1.120453e+02 1.178506e+02 2.880318e+02 -1 -1 -1 -1
6 -1 1.051384e+03 9.240777e+01 1.348009e+02 3.993104e+02 -1 -1 -1 -1
6 -1 1.352502e+03 1.175078e+02 1.100658e+02 2.864639e+02 -1 -1 -1 -1
6 -1 1.177127e+03 1.057614e+02 8.783249e+01 3.077451e+02 -1 -1 -1 -1
6 -1 1.267278e+03 1.081167e+02 1.068903e+02 2.929907e+02 -1 -1 -1 -1
6 -1 1.497260e+03 2.171797e+02 1.988976e+02 2.594374e+02 -1 -1 -1 -1
6 -1 1.292097e+03 1.084597e+02 1.123503e+02 2.922275e+02 -1 -1 -1 -1
7 -1 1.027459e+03 1.029893e+02 1.315560e+02 3.995057e+02 -1 -1 -1 -1
7 -1 1.169470e+03 1.027105e+02 9.573990e+01 3.104440e+02 -1 -1 -1 -1
7 -1 1.352792e+03 1.182321e+02 1.094257e+02 2.850779e+02 -1 -1 -1 -1
7 -1 1.264691e+03 1.077923e+02 1.085172e+02 2.936119e+02 -1 -1 -1 -1
7 -1 1.495897e+03 2.179022e+02 2.001684e+02 2.581234e+02 -1 -1 -1 -1
7 -1 1.299025e+03 1.117768e+02 1.161793e+02 2.887033e+02 -1 -1 -1 -1
8 -1 1.017609e+03 1.001308e+02 1.209515e+02 4.136243e+02 -1 -1 -1 -1
8 -1 1.173164e+03 1.042640e+02 9.581841e+01 3.092643e+02 -1 -1 -1 -1
8 -1 1.352870e+03 1.186244e+02 1.100125e+02 2.856498e+02 -1 -1 -1 -1
8 -1 1.264695e+03 1.073166e+02 1.088187e+02 2.945484e+02 -1 -1 -1 -1
8 -1 1.497116e+03 2.164243e+02 1.995255e+02 2.591925e+02 -1 -1 -1 -1
8 -1 1.321548e+03 1.059882e+02 1.036343e+02 2.996339e+02 -1 -1 -1 -1
9 -1 9.919890e+02 9.438092e+01 1.346928e+02 4.122229e+02 -1 -1 -1 -1
9 -1 1.174205e+03 1.027625e+02 9.222633e+01 3.109229e+02 -1 -1 -1 -1
9 -1 1.353505e+03 1.172773e+02 1.098319e+02 2.853970e+02 -1 -1 -1 -1
9 -1 1.263496e+03 1.073456e+02 1.105508e+02 2.947531e+02 -1 -1 -1 -1
9 -1 1.492867e+03 2.138205e+02 2.070657e+02 2.619594e+02 -1 -1 -1 -1
9 -1 1.301459e+03 1.117964e+02 1.168451e+02 2.887645e+02 -1 -1 -1 -1
10 -1 9.428870e+02 1.037995e+02 1.553165e+02 4.245744e+02 -1 -1 -1 -1
10 -1 1.173489e+03 1.027141e+02 9.650414e+01 3.103021e+02 -1 -1 -1 -1
10 -1 1.353070e+03 1.181189e+02 1.094252e+02 2.859365e+02 -1 -1 -1 -1
10 -1 1.263255e+03 1.076202e+02 1.087777e+02 2.951150e+02 -1 -1 -1 -1
10 -1 1.500471e+03 2.147457e+02 2.012698e+02 2.618666e+02 -1 -1 -1 -1
10 -1 1.300886e+03 1.126306e+02 1.162653e+02 2.879688e+02 -1 -1 -1 -1
11 -1 9.266341e+02 1.088980e+02 1.396864e+02 4.316933e+02 -1 -1 -1 -1
11 -1 1.175842e+03 1.033123e+02 9.201027e+01 3.110248e+02 -1 -1 -1 -1
11 -1 1.262252e+03 1.098639e+02 1.137215e+02 2.876644e+02 -1 -1 -1 -1
11 -1 1.353596e+03 1.176011e+02 1.088944e+02 2.861673e+02 -1 -1 -1 -1
11 -1 1.498786e+03 2.168935e+02 2.013153e+02 2.611204e+02 -1 -1 -1 -1
12 -1 9.016879e+02 1.105009e+02 1.392620e+02 4.349213e+02 -1 -1 -1 -1
12 -1 1.174912e+03 1.004154e+02 9.490837e+01 3.116603e+02 -1 -1 -1 -1
12 -1 1.351756e+03 1.181003e+02 1.097683e+02 2.854412e+02 -1 -1 -1 -1
12 -1 1.260681e+03 1.058911e+02 1.120727e+02 2.959297e+02 -1 -1 -1 -1
12 -1 1.497006e+03 2.144768e+02 2.034453e+02 2.625933e+02 -1 -1 -1 -1
13 -1 8.449392e+02 1.094538e+02 1.658656e+02 4.609975e+02 -1 -1 -1 -1
13 -1 1.175474e+03 9.925276e+01 9.058571e+01 3.142038e+02 -1 -1 -1 -1
13 -1 1.260762e+03 1.053249e+02 1.137728e+02 2.967484e+02 -1 -1 -1 -1
13 -1 1.354106e+03 1.175341e+02 1.071336e+02 2.867767e+02 -1 -1 -1 -1
13 -1 1.491927e+03 2.131849e+02 2.093305e+02 2.623331e+02 -1 -1 -1 -1
13 -1 1.303097e+03 1.127212e+02 1.164878e+02 2.888790e+02 -1 -1 -1 -1
14 -1 8.140454e+02 1.234216e+02 1.629242e+02 4.773101e+02 -1 -1 -1 -1
14 -1 1.176669e+03 9.786042e+01 8.351875e+01 3.121069e+02 -1 -1 -1 -1
14 -1 1.270890e+03 1.103579e+02 1.112446e+02 2.959829e+02 -1 -1 -1 -1
14 -1 1.493381e+03 2.141281e+02 2.062823e+02 2.605109e+02 -1 -1 -1 -1
14 -1 1.357688e+03 1.134406e+02 1.053019e+02 2.858081e+02 -1 -1 -1 -1
15 -1 7.895210e+02 1.230527e+02 1.606849e+02 4.944863e+02 -1 -1 -1 -1
15 -1 1.175272e+03 9.680659e+01 8.167809e+01 3.154380e+02 -1 -1 -1 -1
15 -1 1.352952e+03 1.147316e+02 1.086234e+02 2.876538e+02 -1 -1 -1 -1
15 -1 1.495606e+03 2.156405e+02 2.034844e+02 2.612677e+02 -1 -1 -1 -1
15 -1 1.275066e+03 1.069583e+02 1.126984e+02 2.998663e+02 -1 -1 -1 -1
16 -1 7.696401e+02 1.280260e+02 1.576307e+02 4.952394e+02 -1 -1 -1 -1
16 -1 1.169637e+03 9.556636e+01 8.409325e+01 3.151996e+02 -1 -1 -1 -1
16 -1 1.269231e+03 1.089504e+02 1.179394e+02 2.973751e+02 -1 -1 -1 -1
16 -1 1.501513e+03 2.151591e+02 1.969151e+02 2.606432e+02 -1 -1 -1 -1
16 -1 1.355660e+03 1.141075e+02 1.062460e+02 2.908900e+02 -1 -1 -1 -1
17 -1 7.397201e+02 1.365624e+02 1.668121e+02 5.160216e+02 -1 -1 -1 -1
17 -1 1.167498e+03 1.007587e+02 9.398895e+01 3.125885e+02 -1 -1 -1 -1
17 -1 1.277187e+03 1.104627e+02 1.132706e+02 2.954778e+02 -1 -1 -1 -1
17 -1 1.357974e+03 1.159634e+02 1.020403e+02 2.878915e+02 -1 -1 -1 -1
17 -1 1.496918e+03 2.151676e+02 2.040701e+02 2.625850e+02 -1 -1 -1 -1
18 -1 6.875853e+02 1.451933e+02 2.005632e+02 5.174277e+02 -1 -1 -1 -1
18 -1 1.170040e+03 9.521852e+01 8.396301e+01 3.157968e+02 -1 -1 -1 -1
18 -1 1.275272e+03 1.102444e+02 1.140287e+02 2.943037e+02 -1 -1 -1 -1
18 -1 1.353875e+03 1.128693e+02 1.069400e+02 2.922247e+02 -1 -1 -1 -1
18 -1 1.496902e+03 2.157118e+02 2.029850e+02 2.620095e+02 -1 -1 -1 -1
19 -1 6.578350e+02 1.390776e+02 2.176880e+02 5.782476e+02 -1 -1 -1 -1
19 -1 1.172846e+03 9.365329e+01 8.518112e+01 3.131858e+02 -1 -1 -1 -1
19 -1 1.275561e+03 1.105694e+02 1.130704e+02 2.955499e+02 -1 -1 -1 -1
19 -1 1.353308e+03 1.122875e+02 1.072781e+02 2.921573e+02 -1 -1 -1 -1
19 -1 1.497819e+03 2.168818e+02 2.015089e+02 2.607907e+02 -1 -1 -1 -1
20 -1 6.631585e+02 1.595980e+02 2.083843e+02 5.855935e+02 -1 -1 -1 -1
20 -1 1.175675e+03 9.229094e+01 8.134598e+01 3.142854e+02 -1 -1 -1 -1
20 -1 1.276790e+03 1.098373e+02 1.115955e+02 2.952678e+02 -1 -1 -1 -1
20 -1 1.355829e+03 1.112282e+02 1.051463e+02 2.921105e+02 -1 -1 -1 -1
20 -1 1.497742e+03 2.156699e+02 2.016856e+02 2.611529e+02 -1 -1 -1 -1
21 -1 6.879099e+02 1.694046e+02 2.144493e+02 6.226642e+02 -1 -1 -1 -1
21 -1 1.172024e+03 9.796304e+01 8.214890e+01 3.106659e+02 -1 -1 -1 -1
21 -1 1.281061e+03 1.079380e+02 1.131878e+02 2.967291e+02 -1 -1 -1 -1
21 -1 1.494636e+03 2.137450e+02 2.070412e+02 2.623999e+02 -1 -1 -1 -1
21 -1 1.361152e+03 1.100969e+02 1.021477e+02 2.912343e+02 -1 -1 -1 -1
22 -1 7.092361e+02 1.832888e+02 2.477687e+02 6.419768e+02 -1 -1 -1 -1
22 -1 1.169841e+03 9.520927e+01 8.779655e+01 3.118521e+02 -1 -1 -1 -1
22 -1 1.277288e+03 1.117314e+02 1.130315e+02 2.938855e+02 -1 -1 -1 -1
22 -1 1.498597e+03 2.112470e+02 2.012574e+02 2.651813e+02 -1 -1 -1 -1
22 -1 1.355811e+03 1.122221e+02 1.041927e+02 2.917841e+02 -1 -1 -1 -1
23 -1 7.462144e+02 1.916315e+02 2.497405e+02 6.890970e+02 -1 -1 -1 -1
23 -1 1.172260e+03 9.710852e+01 8.065224e+01 3.090758e+02 -1 -1 -1 -1
23 -1 1.276051e+03 1.116866e+02 1.130470e+02 2.946217e+02 -1 -1 -1 -1
23 -1 1.357526e+03 1.120909e+02 1.018948e+02 2.905347e+02 -1 -1 -1 -1
23 -1 1.497358e+03 2.138659e+02 2.017227e+02 2.647750e+02 -1 -1 -1 -1
24 -1 8.092982e+02 1.880614e+02 1.994000e+02 7.047302e+02 -1 -1 -1 -1
24 -1 1.172224e+03 9.466763e+01 8.576775e+01 3.132054e+02 -1 -1 -1 -1
24 -1 1.274652e+03 1.133079e+02 1.153404e+02 2.943836e+02 -1 -1 -1 -1
24 -1 1.355563e+03 1.136436e+02 1.031465e+02 2.899375e+02 -1 -1 -1 -1
24 -1 1.493769e+03 2.126350e+02 2.063461e+02 2.641862e+02 -1 -1 -1 -1
25 -1 8.758355e+02 1.976091e+02 2.294662e+02 7.051340e+02 -1 -1 -1 -1
25 -1 1.177909e+03 9.584249e+01 7.935722e+01 3.123099e+02 -1 -1 -1 -1
25 -1 1.270177e+03 1.146110e+02 1.142818e+02 3.010767e+02 -1 -1 -1 -1
25 -1 1.358614e+03 1.159731e+02 1.016290e+02 2.852673e+02 -1 -1 -1 -1
25 -1 1.496670e+03 2.121904e+02 2.072811e+02 2.634703e+02 -1 -1 -1 -1
26 -1 9.061154e+02 2.127251e+02 3.012495e+02 7.087591e+02 -1 -1 -1 -1
26 -1 1.171178e+03 9.522583e+01 8.584373e+01 3.147699e+02 -1 -1 -1 -1
26 -1 1.265263e+03 1.126929e+02 1.106866e+02 3.002008e+02 -1 -1 -1 -1
26 -1 1.355595e+03 1.175108e+02 1.077484e+02 2.847756e+02 -1 -1 -1 -1
26 -1 1.495016e+03 2.108854e+02 2.127541e+02 2.660544e+02 -1 -1 -1 -1
27 -1 9.984270e+02 2.035237e+02 2.588081e+02 7.390497e+02 -1 -1 -1 -1
27 -1 1.257945e+03 1.087806e+02 1.134469e+02 3.109970e+02 -1 -1 -1 -1
27 -1 1.355242e+03 1.183117e+02 1.055917e+02 2.850407e+02 -1 -1 -1 -1
27 -1 1.489631e+03 2.111865e+02 2.153698e+02 2.665918e+02 -1 -1 -1 -1
27 -1 1.173261e+03 9.186307e+01 8.817261e+01 1.444332e+02 -1 -1 -1 -1
28 -1 1.090452e+03 2.015085e+02 2.613638e+02 7.726210e+02 -1 -1 -1 -1
28 -1 1.354085e+03 1.174716e+02 1.041584e+02 2.850531e+02 -1 -1 -1 -1
28 -1 1.491203e+03 2.115357e+02 2.174570e+02 2.633836e+02 -1 -1 -1 -1
28 -1 1.169933e+03 9.094973e+01 9.132889e+01 2.378089e+02 -1 -1 -1 -1
28 -1 1.275644e+03 1.086974e+02 1.007215e+02 3.187465e+02 -1 -1 -1 -1
29 -1 1.096106e+03 2.106093e+02 3.254922e+02 7.467168e+02 -1 -1 -1 -1
29 -1 1.168612e+03 9.369218e+01 8.951111e+01 3.132147e+02 -1 -1 -1 -1
29 -1 1.491922e+03 2.114914e+02 2.081873e+02 2.670858e+02 -1 -1 -1 -1
29 -1 1.375934e+03 1.157100e+02 9.194481e+01 2.925521e+02 -1 -1 -1 -1
29 -1 1.263874e+03 1.011291e+02 1.230489e+02 2.271919e+02 -1 -1 -1 -1
30 -1 1.152441e+03 1.947922e+02 3.318732e+02 7.758747e+02 -1 -1 -1 -1
30 -1 1.170427e+03 9.300137e+01 9.540688e+01 3.190715e+02 -1 -1 -1 -1
30 -1 1.498728e+03 2.133152e+02 1.930989e+02 2.621301e+02 -1 -1 -1 -1
30 -1 1.270261e+03 1.067874e+02 1.136224e+02 2.581493e+02 -1 -1 -1 -1
30 -1 1.368555e+03 1.130149e+02 8.880066e+01 1.340038e+02 -1 -1 -1 -1
31 -1 1.319050e+03 2.122943e+02 2.932480e+02 7.276246e+02 -1 -1 -1 -1
31 -1 1.173801e+03 9.324313e+01 8.355331e+01 3.161363e+02 -1 -1 -1 -1
31 -1 1.266611e+03 1.122887e+02 1.152122e+02 3.099096e+02 -1 -1 -1 -1
31 -1 1.550305e+03 2.184594e+02 1.512717e+02 2.442452e+02 -1 -1 -1 -1
31 -1 1.362281e+03 1.133094e+02 9.733475e+01 2.564255e+02 -1 -1 -1 -1
32 -1 1.313503e+03 2.112357e+02 3.500739e+02 7.343543e+02 -1 -1 -1 -1
32 -1 1.173191e+03 9.155729e+01 8.617264e+01 3.180182e+02 -1 -1 -1 -1
32 -1 1.263182e+03 1.144242e+02 1.173940e+02 3.083455e+02 -1 -1 -1 -1
32 -1 1.357633e+03 1.171497e+02 1.030376e+02 2.724789e+02 -1 -1 -1 -1
32 -1 1.587716e+03 2.190232e+02 1.183729e+02 2.022747e+02 -1 -1 -1 -1
33 -1 1.343748e+03 2.069978e+02 3.430964e+02 7.221096e+02 -1 -1 -1 -1
33 -1 1.173883e+03 9.011665e+01 8.496460e+01 3.219118e+02 -1 -1 -1 -1
33 -1 1.250645e+03 1.129816e+02 1.264538e+02 3.092381e+02 -1 -1 -1 -1
33 -1 1.352138e+03 1.162061e+02 1.078409e+02 2.832696e+02 -1 -1 -1 -1
33 -1 1.610522e+03 2.171663e+02 1.098113e+02 2.129436e+02 -1 -1 -1 -1
34 -1 1.458814e+03 1.890584e+02 2.731062e+02 6.743623e+02 -1 -1 -1 -1
34 -1 1.210777e+03 1.154686e+02 1.494578e+02 3.155123e+02 -1 -1 -1 -1
34 -1 1.356613e+03 1.179336e+02 1.033935e+02 2.895486e+02 -1 -1 -1 -1
34 -1 1.175923e+03 9.412247e+01 8.781097e+01 3.205423e+02 -1 -1 -1 -1
34 -1 1.190344e+03 1.041920e+02 1.142885e+02 3.131358e+02 -1 -1 -1 -1
35 -1 1.465321e+03 1.896228e+02 3.003452e+02 6.580330e+02 -1 -1 -1 -1
35 -1 1.192519e+03 1.129498e+02 1.230915e+02 3.305183e+02 -1 -1 -1 -1
35 -1 1.349933e+03 1.186571e+02 1.088965e+02 2.863145e+02 -1 -1 -1 -1
35 -1 1.180430e+03 1.013050e+02 9.178917e+01 3.243490e+02 -1 -1 -1 -1
36 -1 1.486580e+03 1.738898e+02 3.023561e+02 6.421068e+02 -1 -1 -1 -1
36 -1 1.180294e+03 1.025165e+02 1.322154e+02 3.604725e+02 -1 -1 -1 -1
36 -1 1.343064e+03 1.198264e+02 1.156160e+02 2.878927e+02 -1 -1 -1 -1
37 -1 1.486420e+03 1.694435e+02 3.186168e+02 6.100048e+02 -1 -1 -1 -1
37 -1 1.145186e+03 1.063176e+02 1.377148e+02 3.684280e+02 -1 -1 -1 -1
37 -1 1.347205e+03 1.177256e+02 1.113304e+02 2.894463e+02 -1 -1 -1 -1
38 -1 1.493563e+03 1.714426e+02 3.103377e+02 6.113024e+02 -1 -1 -1 -1
38 -1 1.143346e+03 1.161125e+02 1.194930e+02 3.600887e+02 -1 -1 -1 -1
38 -1 1.347337e+03 1.182954e+02 1.101853e+02 2.886757e+02 -1 -1 -1 -1
39 -1 1.512738e+03 1.522294e+02 2.695342e+02 5.989726e+02 -1 -1 -1 -1
39 -1 1.068535e+03 1.322371e+02 1.592816e+02 3.545931e+02 -1 -1 -1 -1
39 -1 1.345910e+03 1.181082e+02 1.121372e+02 2.889836e+02 -1 -1 -1 -1
39 -1 1.183275e+03 9.196169e+01 7.652962e+01 3.176153e+02 -1 -1 -1 -1
39 -1 1.127740e+03 1.173683e+02 1.139953e+02 3.458168e+02 -1 -1 -1 -1
40 -1 1.044013e+03 1.390737e+02 1.481747e+02 3.662618e+02 -1 -1 -1 -1
40 -1 1.496637e+03 1.403851e+02 2.601965e+02 5.367395e+02 -1 -1 -1 -1
40 -1 1.346270e+03 1.177795e+02 1.127394e+02 2.889947e+02 -1 -1 -1 -1
40 -1 1.168643e+03 9.564954e+01 9.429680e+01 3.153288e+02 -1 -1 -1 -1
40 -1 1.123798e+03 1.108743e+02 1.152477e+02 3.280537e+02 -1 -1 -1 -1
41 -1 1.474641e+03 1.320120e+02 2.701080e+02 5.458015e+02 -1 -1 -1 -1
41 -1 1.034126e+03 1.370867e+02 1.161729e+02 3.722353e+02 -1 -1 -1 -1
41 -1 1.166299e+03 9.384103e+01 9.482552e+01 3.182201e+02 -1 -1 -1 -1
41 -1 1.345847e+03 1.175644e+02 1.116717e+02 2.895638e+02 -1 -1 -1 -1
42 -1 9.625557e+02 1.496667e+02 1.594892e+02 3.993945e+02 -1 -1 -1 -1
42 -1 1.474832e+03 1.305411e+02 2.328250e+02 5.431814e+02 -1 -1 -1 -1
42 -1 1.169892e+03 9.454980e+01 8.870728e+01 3.173612e+02 -1 -1 -1 -1
42 -1 1.345769e+03 1.159727e+02 1.103341e+02 2.894452e+02 -1 -1 -1 -1
43 -1 9.657390e+02 1.480742e+02 1.164102e+02 4.088727e+02 -1 -1 -1 -1
43 -1 1.169369e+03 9.406397e+01 9.028725e+01 3.166420e+02 -1 -1 -1 -1
43 -1 1.464006e+03 1.091718e+02 2.118823e+02 4.836124e+02 -1 -1 -1 -1
43 -1 1.349712e+03 1.182175e+02 1.123963e+02 2.854693e+02 -1 -1 -1 -1
44 -1 1.429770e+03 1.166304e+02 2.091463e+02 4.639791e+02 -1 -1 -1 -1
44 -1 9.358846e+02 1.525530e+02 1.207364e+02 3.994702e+02 -1 -1 -1 -1
44 -1 1.169081e+03 9.308572e+01 9.138451e+01 3.168807e+02 -1 -1 -1 -1
44 -1 1.345696e+03 1.180587e+02 1.090919e+02 2.872376e+02 -1 -1 -1 -1
44 -1 1.566126e+03 2.188601e+02 1.377308e+02 2.708168e+02 -1 -1 -1 -1
45 -1 8.818661e+02 1.649750e+02 1.512758e+02 4.150244e+02 -1 -1 -1 -1
45 -1 1.370613e+03 1.143964e+02 2.271682e+02 4.653862e+02 -1 -1 -1 -1
45 -1 1.170036e+03 9.260450e+01 9.131172e+01 3.169653e+02 -1 -1 -1 -1
45 -1 1.345120e+03 1.161059e+02 1.158858e+02 2.866079e+02 -1 -1 -1 -1
45 -1 1.542158e+03 2.143030e+02 1.621085e+02 2.682017e+02 -1 -1 -1 -1
46 -1 8.487214e+02 1.677972e+02 1.402561e+02 4.307845e+02 -1 -1 -1 -1
46 -1 1.178703e+03 1.031693e+02 9.766251e+01 3.030700e+02 -1 -1 -1 -1
46 -1 1.361383e+03 1.278655e+02 1.839194e+02 4.273440e+02 -1 -1 -1 -1
46 -1 1.507727e+03 2.131931e+02 1.869379e+02 2.636541e+02 -1 -1 -1 -1
46 -1 1.349365e+03 1.167877e+02 1.408537e+02 3.100434e+02 -1 -1 -1 -1
47 -1 7.892727e+02 1.705474e+02 1.988838e+02 4.740736e+02 -1 -1 -1 -1
47 -1 1.182050e+03 9.830550e+01 1.300930e+02 3.077134e+02 -1 -1 -1 -1
47 -1 1.346244e+03 1.133690e+02 1.654509e+02 4.254138e+02 -1 -1 -1 -1
47 -1 1.498413e+03 2.125596e+02 2.032839e+02 2.628704e+02 -1 -1 -1 -1
48 -1 7.790826e+02 1.826230e+02 1.912193e+02 4.902735e+02 -1 -1 -1 -1
48 -1 1.267398e+03 1.102540e+02 2.229868e+02 4.318494e+02 -1 -1 -1 -1
48 -1 1.188433e+03 9.832844e+01 1.151292e+02 3.094896e+02 -1 -1 -1 -1
48 -1 1.500530e+03 2.142997e+02 1.993030e+02 2.621821e+02 -1 -1 -1 -1
48 -1 1.442895e+03 1.146482e+02 7.269012e+01 2.853130e+02 -1 -1 -1 -1
49 -1 7.902916e+02 1.877149e+02 1.588358e+02 4.906833e+02 -1 -1 -1 -1
49 -1 1.255922e+03 1.067874e+02 1.782552e+02 4.295491e+02 -1 -1 -1 -1
49 -1 1.188563e+03 9.663755e+01 1.142370e+02 3.111738e+02 -1 -1 -1 -1
49 -1 1.489650e+03 2.136719e+02 2.169436e+02 2.633318e+02 -1 -1 -1 -1
49 -1 1.410974e+03 1.153652e+02 1.247971e+02 3.039523e+02 -1 -1 -1 -1
50 -1 7.905496e+02 1.950074e+02 1.600426e+02 5.423332e+02 -1 -1 -1 -1
50 -1 1.242968e+03 9.613450e+01 1.424389e+02 4.099188e+02 -1 -1 -1 -1
50 -1 1.186900e+03 9.556905e+01 1.084000e+02 3.331572e+02 -1 -1 -1 -1
50 -1 1.489505e+03 2.103586e+02 2.153380e+02 2.657556e+02 -1 -1 -1 -1
50 -1 1.418546e+03 1.133297e+02 1.330183e+02 2.941276e+02 -1 -1 -1 -1
50 -1 1.216875e+03 6.376358e+01 1.258237e+02 4.264281e+02 -1 -1 -1 -1
51 -1 7.935076e+02 2.142199e+02 1.626791e+02 5.647599e+02 -1 -1 -1 -1
51 -1 1.163023e+03 9.613831e+01 1.717863e+02 4.075170e+02 -1 -1 -1 -1
51 -1 1.488061e+03 2.081567e+02 2.208961e+02 2.693618e+02 -1 -1 -1 -1
51 -1 1.415693e+03 1.174038e+02 1.423670e+02 2.931539e+02 -1 -1 -1 -1
52 -1 8.018343e+02 2.176943e+02 1.700963e+02 5.562910e+02 -1 -1 -1 -1
52 -1 1.148723e+03 9.736768e+01 1.678491e+02 3.996322e+02 -1 -1 -1 -1
52 -1 1.495979e+03 2.086620e+02 2.109377e+02 2.680235e+02 -1 -1 -1 -1
52 -1 1.421772e+03 1.205102e+02 1.536871e+02 2.929182e+02 -1 -1 -1 -1
53 -1 8.433477e+02 2.390809e+02 1.822203e+02 5.644233e+02 -1 -1 -1 -1
53 -1 1.146598e+03 1.055140e+02 1.374953e+02 3.852965e+02 -1 -1 -1 -1
53 -1 1.499667e+03 2.100439e+02 2.103360e+02 2.704478e+02 -1 -1 -1 -1
53 -1 1.429423e+03 1.196011e+02 1.689219e+02 2.927252e+02 -1 -1 -1 -1
53 -1 1.471666e+03 1.506141e+02 1.767345e+02 2.988494e+02 -1 -1 -1 -1
53 -1 1.232201e+03 8.922874e+01 6.772591e+01 3.182748e+02 -1 -1 -1 -1
54 -1 8.642320e+02 2.613929e+02 2.198403e+02 5.769452e+02 -1 -1 -1 -1
54 -1 1.096649e+03 9.993879e+01 1.359043e+02 4.043309e+02 -1 -1 -1 -1
54 -1 1.210778e+03 9.524036e+01 9.613609e+01 3.230168e+02 -1 -1 -1 -1
54 -1 1.494141e+03 2.074935e+02 2.152833e+02 2.705371e+02 -1 -1 -1 -1
54 -1 1.451677e+03 1.131530e+02 1.616483e+02 2.851260e+02 -1 -1 -1 -1
54 -1 1.472468e+03 1.429614e+02 1.778876e+02 3.008718e+02 -1 -1 -1 -1
55 -1 9.478962e+02 2.432852e+02 1.846832e+02 6.107131e+02 -1 -1 -1 -1
55 -1 1.197690e+03 9.497916e+01 1.120521e+02 3.223981e+02 -1 -1 -1 -1
55 -1 1.091599e+03 1.096081e+02 1.153315e+02 3.832915e+02 -1 -1 -1 -1
55 -1 1.471507e+03 1.521982e+02 2.052743e+02 2.948112e+02 -1 -1 -1 -1
55 -1 1.442436e+03 1.079557e+02 1.807583e+02 2.968002e+02 -1 -1 -1 -1
55 -1 1.490449e+03 2.112183e+02 2.208131e+02 2.634884e+02 -1 -1 -1 -1
56 -1 9.941675e+02 2.488734e+02 1.912278e+02 6.289254e+02 -1 -1 -1 -1
56 -1 1.198985e+03 9.517017e+01 1.116886e+02 3.195499e+02 -1 -1 -1 -1
56 -1 1.410356e+03 1.166408e+02 2.142826e+02 2.912349e+02 -1 -1 -1 -1
56 -1 1.500972e+03 2.257372e+02 2.027735e+02 2.574987e+02 -1 -1 -1 -1
56 -1 1.453440e+03 1.603159e+02 2.068964e+02 2.839998e+02 -1 -1 -1 -1
56 -1 1.065209e+03 9.251083e+01 8.369041e+01 1.979116e+02 -1 -1 -1 -1
56 -1 1.057102e+03 9.116846e+01 1.041454e+02 2.826646e+02 -1 -1 -1 -1
57 -1 9.988498e+02 2.507407e+02 2.841687e+02 6.429570e+02 -1 -1 -1 -1
57 -1 1.014242e+03 9.628027e+01 1.101089e+02 4.081236e+02 -1 -1 -1 -1
57 -1 1.201293e+03 9.448515e+01 1.112505e+02 3.162964e+02 -1 -1 -1 -1
57 -1 1.396723e+03 1.195879e+02 2.179367e+02 2.778664e+02 -1 -1 -1 -1
57 -1 1.497957e+03 2.196735e+02 2.067597e+02 2.647315e+02 -1 -1 -1 -1
58 -1 1.082022e+03 2.665817e+02 2.238142e+02 6.288839e+02 -1 -1 -1 -1
58 -1 9.453301e+02 1.080412e+02 1.527587e+02 4.077828e+02 -1 -1 -1 -1
58 -1 1.500313e+03 2.089548e+02 2.023682e+02 2.694099e+02 -1 -1 -1 -1
58 -1 1.397360e+03 1.114193e+02 1.775899e+02 2.999623e+02 -1 -1 -1 -1
58 -1 1.179868e+03 9.191808e+01 1.312692e+02 2.920494e+02 -1 -1 -1 -1
59 -1 1.190553e+03 2.552580e+02 2.467081e+02 6.321492e+02 -1 -1 -1 -1
59 -1 9.252330e+02 1.033934e+02 1.256028e+02 4.340933e+02 -1 -1 -1 -1
59 -1 1.192263e+03 9.818939e+01 1.038892e+02 3.169185e+02 -1 -1 -1 -1
59 -1 1.389596e+03 1.202530e+02 1.612637e+02 2.904607e+02 -1 -1 -1 -1
59 -1 1.495566e+03 2.057155e+02 2.035428e+02 2.746905e+02 -1 -1 -1 -1
59 -1 1.447527e+03 1.667346e+02 2.261451e+02 2.927814e+02 -1 -1 -1 -1
60 -1 1.185251e+03 2.568436e+02 2.834315e+02 6.441556e+02 -1 -1 -1 -1
60 -1 9.000183e+02 9.758136e+01 1.307928e+02 4.411379e+02 -1 -1 -1 -1
60 -1 1.191851e+03 1.029657e+02 1.070512e+02 3.111192e+02 -1 -1 -1 -1
60 -1 1.497149e+03 2.073571e+02 2.000285e+02 2.704310e+02 -1 -1 -1 -1
60 -1 1.408513e+03 1.183775e+02 1.393378e+02 2.835375e+02 -1 -1 -1 -1
61 -1 1.273103e+03 2.452427e+02 2.269769e+02 6.303929e+02 -1 -1 -1 -1
61 -1 8.564210e+02 1.107442e+02 1.474436e+02 4.411184e+02 -1 -1 -1 -1
61 -1 1.192602e+03 1.107742e+02 1.075438e+02 3.216890e+02 -1 -1 -1 -1
61 -1 1.498024e+03 2.105151e+02 2.022537e+02 2.698705e+02 -1 -1 -1 -1
61 -1 1.442701e+03 1.177397e+02 9.680305e+01 2.762743e+02 -1 -1 -1 -1
61 -1 1.438663e+03 1.224637e+02 9.016640e+01 1.779672e+02 -1 -1 -1 -1
62 -1 8.265656e+02 1.156021e+02 1.448001e+02 4.598972e+02 -1 -1 -1 -1
62 -1 1.333543e+03 2.460698e+02 2.608179e+02 6.091407e+02 -1 -1 -1 -1
62 -1 1.191814e+03 1.112791e+02 1.243556e+02 3.139684e+02 -1 -1 -1 -1
62 -1 1.530619e+03 2.168267e+02 1.770513e+02 2.633826e+02 -1 -1 -1 -1
62 -1 1.408180e+03 1.151135e+02 1.256564e+02 2.707491e+02 -1 -1 -1 -1
63 -1 7.497795e+02 1.169057e+02 1.858892e+02 4.870298e+02 -1 -1 -1 -1
63 -1 1.348540e+03 2.507489e+02 2.808069e+02 5.838893e+02 -1 -1 -1 -1
63 -1 1.163675e+03 1.118218e+02 1.402027e+02 3.255030e+02 -1 -1 -1 -1
63 -1 1.400479e+03 1.173366e+02 1.367319e+02 2.836833e+02 -1 -1 -1 -1
63 -1 1.565750e+03 2.168012e+02 1.460106e+02 2.509361e+02 -1 -1 -1 -1
64 -1 1.407869e+03 2.337447e+02 2.889219e+02 5.598795e+02 -1 -1 -1 -1
64 -1 7.160135e+02 1.266133e+02 2.107982e+02 4.985365e+02 -1 -1 -1 -1
64 -1 1.148048e+03 1.159321e+02 1.475063e+02 3.287638e+02 -1 -1 -1 -1
64 -1 1.401170e+03 1.172627e+02 1.327661e+02 2.869380e+02 -1 -1 -1 -1
64 -1 1.606315e+03 2.141392e+02 1.014803e+02 2.170309e+02 -1 -1 -1 -1
65 -1 7.134071e+02 1.366507e+02 1.944935e+02 5.142600e+02 -1 -1 -1 -1
65 -1 1.346148e+03 2.318764e+02 3.556952e+02 5.568690e+02 -1 -1 -1 -1
65 -1 1.137829e+03 1.149902e+02 1.331621e+02 3.358829e+02 -1 -1 -1 -1
65 -1 1.378946e+03 1.178502e+02 1.595300e+02 2.826913e+02 -1 -1 -1 -1
66 -1 1.406138e+03 2.195434e+02 3.114565e+02 5.758939e+02 -1 -1 -1 -1
66 -1 7.164141e+02 1.375363e+02 1.778543e+02 5.387260e+02 -1 -1 -1 -1
66 -1 1.114887e+03 1.158962e+02 1.259052e+02 3.562143e+02 -1 -1 -1 -1
66 -1 1.389451e+03 1.212401e+02 1.524673e+02 2.858406e+02 -1 -1 -1 -1
67 -1 6.865748e+02 1.432847e+02 2.064257e+02 5.901818e+02 -1 -1 -1 -1
67 -1 1.091101e+03 1.154125e+02 1.293636e+02 3.819747e+02 -1 -1 -1 -1
67 -1 1.492341e+03 2.200732e+02 2.385178e+02 5.176435e+02 -1 -1 -1 -1
67 -1 1.391760e+03 1.196389e+02 1.475583e+02 2.905961e+02 -1 -1 -1 -1
68 -1 6.766105e+02 1.614050e+02 2.201825e+02 6.009541e+02 -1 -1 -1 -1
68 -1 1.070768e+03 1.156970e+02 1.288463e+02 3.727361e+02 -1 -1 -1 -1
68 -1 1.503809e+03 1.901163e+02 2.723300e+02 5.472505e+02 -1 -1 -1 -1
68 -1 1.390849e+03 1.207136e+02 1.496482e+02 2.889326e+02 -1 -1 -1 -1
69 -1 1.010090e+03 1.253433e+02 1.595750e+02 3.804625e+02 -1 -1 -1 -1
69 -1 1.440357e+03 1.943773e+02 3.323135e+02 5.279001e+02 -1 -1 -1 -1
69 -1 6.742993e+02 1.557165e+02 2.356947e+02 6.259837e+02 -1 -1 -1 -1
69 -1 1.388008e+03 1.200612e+02 1.537424e+02 2.865792e+02 -1 -1 -1 -1
70 -1 7.064446e+02 1.744930e+02 2.424955e+02 6.424730e+02 -1 -1 -1 -1
70 -1 1.003064e+03 1.202906e+02 1.240471e+02 4.003829e+02 -1 -1 -1 -1
70 -1 1.504530e+03 1.953731e+02 2.270853e+02 4.753880e+02 -1 -1 -1 -1
70 -1 1.389729e+03 1.179421e+02 1.473548e+02 2.929550e+02 -1 -1 -1 -1
71 -1 7.485811e+02 1.839852e+02 2.350105e+02 6.765421e+02 -1 -1 -1 -1
71 -1 9.608827e+02 1.266262e+02 1.481170e+02 4.137098e+02 -1 -1 -1 -1
71 -1 1.494999e+03 1.769390e+02 2.206906e+02 4.932645e+02 -1 -1 -1 -1
71 -1 1.392131e+03 1.173465e+02 1.522570e+02 2.928997e+02 -1 -1 -1 -1
72 -1 7.917115e+02 1.923164e+02 2.122489e+02 6.869712e+02 -1 -1 -1 -1
72 -1 9.644045e+02 1.396985e+02 1.200897e+02 3.892549e+02 -1 -1 -1 -1
72 -1 1.489048e+03 1.688110e+02 2.044615e+02 4.757697e+02 -1 -1 -1 -1
72 -1 1.390244e+03 1.164836e+02 1.568919e+02 2.961510e+02 -1 -1 -1 -1
73 -1 8.233593e+02 1.763975e+02 2.794647e+02 7.488091e+02 -1 -1 -1 -1
73 -1 1.469816e+03 1.630454e+02 1.856969e+02 4.368032e+02 -1 -1 -1 -1
73 -1 1.403109e+03 1.195273e+02 1.469902e+02 2.871665e+02 -1 -1 -1 -1
73 -1 9.175119e+02 1.355556e+02 1.156242e+02 1.528191e+02 -1 -1 -1 -1
74 -1 8.905316e+02 2.136342e+02 3.059991e+02 7.277231e+02 -1 -1 -1 -1
74 -1 1.406840e+03 1.576370e+02 2.316373e+02 4.382635e+02 -1 -1 -1 -1
74 -1 8.799580e+02 1.388124e+02 1.375659e+02 5.043137e+02 -1 -1 -1 -1
74 -1 1.396054e+03 1.425876e+02 1.601369e+02 3.299541e+02 -1 -1 -1 -1
75 -1 1.022418e+03 2.171193e+02 2.458681e+02 7.270537e+02 -1 -1 -1 -1
75 -1 8.318556e+02 1.512644e+02 1.562880e+02 4.495920e+02 -1 -1 -1 -1
75 -1 1.399701e+03 1.617734e+02 1.891454e+02 3.999339e+02 -1 -1 -1 -1
76 -1 7.805889e+02 1.532352e+02 1.759056e+02 4.545084e+02 -1 -1 -1 -1
76 -1 1.094994e+03 2.097506e+02 2.996908e+02 7.382717e+02 -1 -1 -1 -1
76 -1 1.356396e+03 1.464774e+02 1.541295e+02 4.063223e+02 -1 -1 -1 -1
76 -1 1.488694e+03 1.640149e+02 1.121507e+02 2.969100e+02 -1 -1 -1 -1
77 -1 1.100185e+03 2.211676e+02 3.818273e+02 7.270126e+02 -1 -1 -1 -1
77 -1 7.375827e+02 1.610641e+02 2.211784e+02 4.908667e+02 -1 -1 -1 -1
77 -1 1.365444e+03 1.499953e+02 1.269976e+02 4.098350e+02 -1 -1 -1 -1
77 -1 1.478736e+03 1.754343e+02 1.433920e+02 2.856792e+02 -1 -1 -1 -1
78 -1 1.276464e+03 2.004739e+02 2.353471e+02 7.131335e+02 -1 -1 -1 -1
78 -1 7.414530e+02 1.655737e+02 1.818073e+02 5.156881e+02 -1 -1 -1 -1
78 -1 1.485774e+03 1.742955e+02 1.283361e+02 2.825792e+02 -1 -1 -1 -1
78 -1 1.327771e+03 1.455522e+02 9.787788e+01 1.996201e+02 -1 -1 -1 -1
78 -1 1.487680e+03 1.653522e+02 1.047746e+02 1.806466e+02 -1 -1 -1 -1
78 -1 1.488619e+03 1.774518e+02 1.999022e+02 2.629372e+02 -1 -1 -1 -1
79 -1 1.327803e+03 1.831967e+02 2.585866e+02 7.312312e+02 -1 -1 -1 -1
79 -1 7.036879e+02 1.752925e+02 2.130303e+02 5.032996e+02 -1 -1 -1 -1
79 -1 1.256989e+03 1.385167e+02 1.286966e+02 3.814485e+02 -1 -1 -1 -1
80 -1 6.844175e+02 1.911525e+02 2.344517e+02 5.522717e+02 -1 -1 -1 -1
80 -1 1.188392e+03 1.449985e+02 1.719349e+02 3.693092e+02 -1 -1 -1 -1
80 -1 1.336060e+03 1.987529e+02 3.095492e+02 7.001346e+02 -1 -1 -1 -1
80 -1 1.407830e+03 1.266611e+02 1.649686e+02 2.803846e+02 -1 -1 -1 -1
81 -1 7.185105e+02 1.917997e+02 1.930845e+02 5.764262e+02 -1 -1 -1 -1
81 -1 1.356386e+03 1.905503e+02 3.489635e+02 6.899136e+02 -1 -1 -1 -1
81 -1 1.179868e+03 1.417949e+02 1.447337e+02 3.830291e+02 -1 -1 -1 -1
81 -1 1.394973e+03 1.236733e+02 1.688015e+02 2.843796e+02 -1 -1 -1 -1
82 -1 1.112896e+03 1.510374e+02 1.579076e+02 3.598452e+02 -1 -1 -1 -1
82 -1 7.369570e+02 2.013802e+02 1.976337e+02 5.706085e+02 -1 -1 -1 -1
82 -1 1.472671e+03 1.865843e+02 3.211219e+02 6.733187e+02 -1 -1 -1 -1
82 -1 1.389864e+03 1.251217e+02 1.567133e+02 2.820316e+02 -1 -1 -1 -1
83 -1 1.491487e+03 1.840067e+02 3.022668e+02 6.774552e+02 -1 -1 -1 -1
83 -1 1.116059e+03 1.381998e+02 1.213937e+02 3.757894e+02 -1 -1 -1 -1
83 -1 7.676460e+02 2.200028e+02 2.072254e+02 5.947578e+02 -1 -1 -1 -1
83 -1 1.390444e+03 1.212380e+02 1.288955e+02 2.882834e+02 -1 -1 -1 -1
84 -1 1.078356e+03 1.409321e+02 1.308911e+02 3.666079e+02 -1 -1 -1 -1
84 -1 8.028080e+02 2.321087e+02 1.861952e+02 6.009301e+02 -1 -1 -1 -1
84 -1 1.511290e+03 1.709226e+02 2.954503e+02 6.315944e+02 -1 -1 -1 -1
84 -1 1.383478e+03 1.197852e+02 1.256195e+02 2.974273e+02 -1 -1 -1 -1
85 -1 1.050953e+03 1.521312e+02 1.351595e+02 3.563806e+02 -1 -1 -1 -1
85 -1 1.522952e+03 1.568483e+02 2.803720e+02 6.039080e+02 -1 -1 -1 -1
85 -1 8.467886e+02 2.288916e+02 2.367155e+02 6.283351e+02 -1 -1 -1 -1
85 -1 1.379192e+03 1.158436e+02 1.255298e+02 2.879447e+02 -1 -1 -1 -1
86 -1 8.992535e+02 2.304439e+02 2.571380e+02 6.895696e+02 -1 -1 -1 -1
86 -1 1.514727e+03 1.545863e+02 2.766447e+02 5.985713e+02 -1 -1 -1 -1
86 -1 1.388838e+03 1.177216e+02 1.135117e+02 2.919065e+02 -1 -1 -1 -1
86 -1 1.044980e+03 1.421367e+02 9.985703e+01 2.857024e+02 -1 -1 -1 -1
87 -1 1.516332e+03 1.398098e+02 2.687226e+02 5.348349e+02 -1 -1 -1 -1
87 -1 9.512800e+02 2.494715e+02 2.123452e+02 6.956288e+02 -1 -1 -1 -1
87 -1 1.378190e+03 1.175688e+02 1.243925e+02 2.903446e+02 -1 -1 -1 -1
87 -1 9.820710e+02 1.452590e+02 1.448824e+02 2.801509e+02 -1 -1 -1 -1
88 -1 9.427856e+02 1.462166e+02 1.407568e+02 4.060819e+02 -1 -1 -1 -1
88 -1 1.494529e+03 1.373134e+02 2.709329e+02 5.237012e+02 -1 -1 -1 -1
88 -1 1.037950e+03 2.512185e+02 2.150725e+02 6.719437e+02 -1 -1 -1 -1
88 -1 1.372092e+03 1.182467e+02 1.182596e+02 2.910775e+02 -1 -1 -1 -1
89 -1 1.044523e+03 2.589369e+02 3.155399e+02 6.906196e+02 -1 -1 -1 -1
89 -1 1.485326e+03 1.361905e+02 2.443101e+02 5.171613e+02 -1 -1 -1 -1
89 -1 9.312730e+02 1.489521e+02 1.224706e+02 3.941544e+02 -1 -1 -1 -1
89 -1 1.375541e+03 1.186575e+02 1.161298e+02 2.898627e+02 -1 -1 -1 -1
90 -1 1.120360e+03 2.380845e+02 3.011064e+02 7.130270e+02 -1 -1 -1 -1
90 -1 8.813369e+02 1.592793e+02 1.443078e+02 4.034207e+02 -1 -1 -1 -1
90 -1 1.475219e+03 1.223197e+02 2.014318e+02 4.816327e+02 -1 -1 -1 -1
90 -1 1.375288e+03 1.188082e+02 1.058036e+02 2.891265e+02 -1 -1 -1 -1
91 -1 1.234368e+03 2.454228e+02 3.615118e+02 7.120097e+02 -1 -1 -1 -1
91 -1 8.698363e+02 1.575326e+02 1.350027e+02 4.189015e+02 -1 -1 -1 -1
91 -1 1.450202e+03 1.231235e+02 2.147221e+02 4.535086e+02 -1 -1 -1 -1
91 -1 1.393566e+03 1.168507e+02 9.371841e+01 2.451376e+02 -1 -1 -1 -1
92 -1 1.223759e+03 2.535139e+02 4.161552e+02 6.860378e+02 -1 -1 -1 -1
92 -1 7.916358e+02 1.567215e+02 1.889286e+02 4.290899e+02 -1 -1 -1 -1
92 -1 1.483431e+03 1.169377e+02 1.373245e+02 3.501007e+02 -1 -1 -1 -1
92 -1 1.555436e+03 2.154049e+02 1.477682e+02 2.468606e+02 -1 -1 -1 -1
92 -1 1.396231e+03 1.161147e+02 1.025169e+02 1.877410e+02 -1 -1 -1 -1
93 -1 7.788869e+02 1.633781e+02 1.945480e+02 4.563545e+02 -1 -1 -1 -1
93 -1 1.259673e+03 2.440668e+02 3.651508e+02 6.590017e+02 -1 -1 -1 -1
93 -1 1.415576e+03 1.007156e+02 1.616059e+02 2.813916e+02 -1 -1 -1 -1
93 -1 1.394973e+03 1.166848e+02 9.182281e+01 2.567741e+02 -1 -1 -1 -1
93 -1 1.569045e+03 2.193839e+02 1.320946e+02 2.190496e+02 -1 -1 -1 -1
94 -1 7.689662e+02 1.681254e+02 1.622035e+02 4.604820e+02 -1 -1 -1 -1
94 -1 1.310117e+03 2.399381e+02 4.219975e+02 6.548306e+02 -1 -1 -1 -1
94 -1 1.310239e+03 9.687152e+01 2.169431e+02 4.127071e+02 -1 -1 -1 -1
95 -1 6.795835e+02 1.784923e+02 2.524065e+02 4.943452e+02 -1 -1 -1 -1
95 -1 1.293847e+03 2.297854e+02 4.846129e+02 6.772220e+02 -1 -1 -1 -1
95 -1 1.276463e+03 1.046221e+02 2.111881e+02 3.956428e+02 -1 -1 -1 -1
95 -1 1.443479e+03 1.162436e+02 6.322998e+01 2.807608e+02 -1 -1 -1 -1
96 -1 6.283633e+02 1.905462e+02 2.791445e+02 5.062484e+02 -1 -1 -1 -1
96 -1 1.435740e+03 2.131251e+02 3.085817e+02 6.651414e+02 -1 -1 -1 -1
96 -1 1.263112e+03 1.045229e+02 1.634832e+02 4.018574e+02 -1 -1 -1 -1
96 -1 1.397008e+03 1.162212e+02 1.191016e+02 2.924719e+02 -1 -1 -1 -1
97 -1 1.396607e+03 2.047651e+02 3.673579e+02 6.100177e+02 -1 -1 -1 -1
97 -1 7.005351e+02 1.930993e+02 1.777539e+02 5.099668e+02 -1 -1 -1 -1
97 -1 1.245642e+03 9.619940e+01 1.413492e+02 4.041989e+02 -1 -1 -1 -1
97 -1 1.379113e+03 1.203640e+02 1.329302e+02 2.902952e+02 -1 -1 -1 -1
98 -1 1.371659e+03 2.064843e+02 4.382433e+02 5.741029e+02 -1 -1 -1 -1
98 -1 7.277080e+02 2.078934e+02 2.028008e+02 5.516146e+02 -1 -1 -1 -1
98 -1 1.158758e+03 1.005533e+02 1.759090e+02 3.908912e+02 -1 -1 -1 -1
98 -1 1.386337e+03 1.188746e+02 1.259258e+02 2.901949e+02 -1 -1 -1 -1
99 -1 7.564303e+02 2.117188e+02 2.026181e+02 5.612619e+02 -1 -1 -1 -1
99 -1 1.148057e+03 1.030866e+02 1.314315e+02 3.947285e+02 -1 -1 -1 -1
99 -1 1.480680e+03 2.024002e+02 3.146123e+02 5.790202e+02 -1 -1 -1 -1
99 -1 1.388655e+03 1.216044e+02 1.233776e+02 2.892417e+02 -1 -1 -1 -1
100 -1 6.946283e+02 2.292798e+02 2.330602e+02 5.441897e+02 -1 -1 -1 -1
100 -1 1.100505e+03 1.010869e+02 1.404881e+02 3.923307e+02 -1 -1 -1 -1
100 -1 1.463894e+03 1.897883e+02 3.465331e+02 5.341667e+02 -1 -1 -1 -1
100 -1 1.383230e+03 1.192226e+02 1.463246e+02 2.924092e+02 -1 -1 -1 -1
101 -1 6.677616e+02 2.558402e+02 3.166671e+02 5.884134e+02 -1 -1 -1 -1
101 -1 1.441866e+03 1.878297e+02 3.789617e+02 5.455681e+02 -1 -1 -1 -1
101 -1 1.054863e+03 1.025477e+02 1.620410e+02 3.946212e+02 -1 -1 -1 -1
101 -1 1.400860e+03 1.151310e+02 1.629275e+02 2.903590e+02 -1 -1 -1 -1
102 -1 7.980627e+02 2.543584e+02 2.859663e+02 6.020284e+02 -1 -1 -1 -1
102 -1 1.529945e+03 1.710193e+02 2.336021e+02 5.364528e+02 -1 -1 -1 -1
102 -1 1.041913e+03 1.048592e+02 1.216148e+02 3.829770e+02 -1 -1 -1 -1
102 -1 1.394918e+03 1.148543e+02 1.674310e+02 2.999365e+02 -1 -1 -1 -1
103 -1 9.306562e+02 2.568864e+02 2.105953e+02 5.964224e+02 -1 -1 -1 -1
103 -1 1.430613e+03 1.552381e+02 3.425425e+02 4.940476e+02 -1 -1 -1 -1
103 -1 1.397317e+03 1.186468e+02 1.625256e+02 2.916776e+02 -1 -1 -1 -1
103 -1 1.030072e+03 8.879328e+01 9.230827e+01 3.762229e+02 -1 -1 -1 -1
104 -1 9.326660e+02 2.639781e+02 2.828176e+02 6.205751e+02 -1 -1 -1 -1
104 -1 1.416591e+03 1.593435e+02 3.371441e+02 4.881372e+02 -1 -1 -1 -1
104 -1 9.568832e+02 1.009949e+02 1.287998e+02 4.176435e+02 -1 -1 -1 -1
104 -1 1.414754e+03 1.163422e+02 1.540768e+02 2.697752e+02 -1 -1 -1 -1
104 -1 1.404021e+03 1.362039e+02 2.326023e+02 3.173296e+02 -1 -1 -1 -1
105 -1 9.989465e+02 2.662507e+02 2.331917e+02 6.231021e+02 -1 -1 -1 -1
105 -1 9.385819e+02 1.025738e+02 1.203234e+02 4.268450e+02 -1 -1 -1 -1
105 -1 1.490686e+03 1.408430e+02 2.064368e+02 4.763910e+02 -1 -1 -1 -1
105 -1 1.391445e+03 1.163005e+02 1.859338e+02 2.978715e+02 -1 -1 -1 -1
106 -1 1.088940e+03 2.718795e+02 2.498582e+02 6.209657e+02 -1 -1 -1 -1
106 -1 8.727280e+02 1.059515e+02 1.507043e+02 4.521899e+02 -1 -1 -1 -1
106 -1 1.432703e+03 1.449111e+02 2.187428e+02 4.394595e+02 -1 -1 -1 -1
106 -1 1.408456e+03 1.149099e+02 1.418202e+02 2.822677e+02 -1 -1 -1 -1
106 -1 1.605173e+03 2.177432e+02 1.076942e+02 2.245323e+02 -1 -1 -1 -1
107 -1 1.117881e+03 2.522506e+02 2.894524e+02 6.355321e+02 -1 -1 -1 -1
107 -1 8.403070e+02 1.157521e+02 1.482489e+02 4.606016e+02 -1 -1 -1 -1
107 -1 1.397961e+03 1.301787e+02 2.034901e+02 4.492427e+02 -1 -1 -1 -1
107 -1 1.563743e+03 2.227800e+02 1.399049e+02 2.293545e+02 -1 -1 -1 -1
108 -1 1.182383e+03 2.565112e+02 2.658206e+02 6.175662e+02 -1 -1 -1 -1
108 -1 8.367097e+02 1.143998e+02 1.330918e+02 4.629077e+02 -1 -1 -1 -1
108 -1 1.419094e+03 1.393468e+02 1.523222e+02 4.299142e+02 -1 -1 -1 -1
108 -1 1.511400e+03 2.161609e+02 1.867399e+02 2.333780e+02 -1 -1 -1 -1
109 -1 1.266949e+03 2.547374e+02 3.187003e+02 6.228015e+02 -1 -1 -1 -1
109 -1 8.037956e+02 1.227690e+02 1.418806e+02 4.658098e+02 -1 -1 -1 -1
109 -1 1.499257e+03 2.126334e+02 2.018024e+02 2.461971e+02 -1 -1 -1 -1
109 -1 1.375901e+03 1.306414e+02 1.750493e+02 2.707247e+02 -1 -1 -1 -1
109 -1 1.478369e+03 1.196349e+02 7.230240e+01 9.901225e+01 -1 -1 -1 -1
110 -1 7.603763e+02 1.328116e+02 1.539141e+02 5.133479e+02 -1 -1 -1 -1
110 -1 1.292404e+03 2.637871e+02 2.970655e+02 6.142071e+02 -1 -1 -1 -1
110 -1 1.286787e+03 1.302794e+02 1.777341e+02 3.956026e+02 -1 -1 -1 -1
110 -1 1.532578e+03 2.201574e+02 1.675967e+02 2.323409e+02 -1 -1 -1 -1
110 -1 1.446141e+03 1.236269e+02 1.088377e+02 1.457290e+02 -1 -1 -1 -1
111 -1 6.923785e+02 1.382245e+02 2.080172e+02 5.258807e+02 -1 -1 -1 -1
111 -1 1.417953e+03 2.287681e+02 1.988807e+02 6.007315e+02 -1 -1 -1 -1
111 -1 1.273914e+03 1.268140e+02 1.356180e+02 3.854242e+02 -1 -1 -1 -1
111 -1 1.577727e+03 2.231415e+02 1.297664e+02 2.108522e+02 -1 -1 -1 -1
111 -1 1.423075e+03 1.189985e+02 1.362852e+02 2.792225e+02 -1 -1 -1 -1
111 -1 1.303715e+03 1.299036e+02 9.205353e+01 2.784035e+02 -1 -1 -1 -1
112 -1 6.755105e+02 1.473397e+02 2.179633e+02 5.827196e+02 -1 -1 -1 -1
112 -1 1.421663e+03 2.393341e+02 2.420258e+02 5.654728e+02 -1 -1 -1 -1
112 -1 1.197748e+03 1.240166e+02 1.576282e+02 3.781183e+02 -1 -1 -1 -1
112 -1 1.394582e+03 1.167723e+02 1.748177e+02 2.906051e+02 -1 -1 -1 -1
112 -1 1.620950e+03 2.234502e+02 7.497894e+01 1.573220e+02 -1 -1 -1 -1
113 -1 1.429030e+03 2.272758e+02 2.841824e+02 5.588673e+02 -1 -1 -1 -1
113 -1 6.915283e+02 1.609653e+02 2.102089e+02 5.963468e+02 -1 -1 -1 -1
113 -1 1.165998e+03 1.251322e+02 1.673643e+02 3.772070e+02 -1 -1 -1 -1
113 -1 1.388873e+03 1.183800e+02 1.755521e+02 2.937310e+02 -1 -1 -1 -1
114 -1 6.990076e+02 1.641776e+02 2.344997e+02 6.082243e+02 -1 -1 -1 -1
114 -1 1.486058e+03 2.121646e+02 2.508440e+02 5.346331e+02 -1 -1 -1 -1
114 -1 1.164625e+03 1.264981e+02 1.211192e+02 3.648989e+02 -1 -1 -1 -1
114 -1 1.387937e+03 1.235155e+02 1.681444e+02 2.895417e+02 -1 -1 -1 -1
115 -1 7.302239e+02 1.790793e+02 2.501250e+02 6.632218e+02 -1 -1 -1 -1
115 -1 1.093048e+03 1.277623e+02 1.562878e+02 3.597522e+02 -1 -1 -1 -1
115 -1 1.488138e+03 2.114160e+02 2.518469e+02 5.407701e+02 -1 -1 -1 -1
115 -1 1.392166e+03 1.170196e+02 1.618302e+02 2.969251e+02 -1 -1 -1 -1
116 -1 7.825844e+02 1.837675e+02 2.048994e+02 6.928716e+02 -1 -1 -1 -1
116 -1 1.066009e+03 1.273463e+02 1.558342e+02 3.676784e+02 -1 -1 -1 -1
116 -1 1.501446e+03 2.027112e+02 2.284563e+02 5.025769e+02 -1 -1 -1 -1
116 -1 1.398543e+03 1.133337e+02 1.513392e+02 2.967135e+02 -1 -1 -1 -1
117 -1 1.065318e+03 1.231426e+02 1.189389e+02 3.855377e+02 -1 -1 -1 -1
117 -1 8.494100e+02 1.820139e+02 2.108715e+02 6.744137e+02 -1 -1 -1 -1
117 -1 1.499741e+03 1.864133e+02 2.199113e+02 4.861308e+02 -1 -1 -1 -1
117 -1 1.392679e+03 1.149926e+02 1.780474e+02 2.980224e+02 -1 -1 -1 -1
118 -1 8.905115e+02 1.936699e+02 2.822086e+02 6.816154e+02 -1 -1 -1 -1
118 -1 1.058587e+03 1.291281e+02 1.371137e+02 3.783142e+02 -1 -1 -1 -1
118 -1 1.479431e+03 1.846175e+02 2.282769e+02 4.839880e+02 -1 -1 -1 -1
118 -1 1.388380e+03 1.160536e+02 1.409898e+02 2.874397e+02 -1 -1 -1 -1
119 -1 9.245261e+02 1.828496e+02 2.757225e+02 6.987244e+02 -1 -1 -1 -1
119 -1 1.476484e+03 1.773239e+02 1.941113e+02 4.643633e+02 -1 -1 -1 -1
119 -1 1.382651e+03 1.186914e+02 1.305975e+02 2.868198e+02 -1 -1 -1 -1
119 -1 9.877848e+02 1.387437e+02 1.234618e+02 2.748889e+02 -1 -1 -1 -1
119 -1 1.628878e+03 2.143998e+02 8.889244e+01 2.356441e+02 -1 -1 -1 -1
119 -1 9.953316e+02 1.661489e+02 1.558127e+02 4.823692e+02 -1 -1 -1 -1
120 -1 9.862819e+02 1.337713e+02 1.280580e+02 4.165325e+02 -1 -1 -1 -1
120 -1 1.077727e+03 1.829433e+02 1.856969e+02 7.479125e+02 -1 -1 -1 -1
120 -1 1.434734e+03 1.593715e+02 1.946434e+02 4.410678e+02 -1 -1 -1 -1
120 -1 1.382931e+03 1.196650e+02 1.320273e+02 2.854865e+02 -1 -1 -1 -1
120 -1 1.584983e+03 2.157112e+02 1.376017e+02 2.551924e+02 -1 -1 -1 -1
120 -1 1.399616e+03 1.304727e+02 1.619657e+02 3.567650e+02 -1 -1 -1 -1
120 -1 1.546830e+03 1.882134e+02 1.379267e+02 2.977350e+02 -1 -1 -1 -1
121 -1 1.090227e+03 1.958877e+02 3.301897e+02 7.085366e+02 -1 -1 -1 -1
121 -1 9.201875e+02 1.375604e+02 2.145522e+02 4.119147e+02 -1 -1 -1 -1
121 -1 1.370014e+03 1.600105e+02 2.031031e+02 4.364660e+02 -1 -1 -1 -1
121 -1 1.535265e+03 2.190422e+02 1.703863e+02 2.556486e+02 -1 -1 -1 -1
121 -1 1.398758e+03 1.125450e+02 1.094600e+02 2.991476e+02 -1 -1 -1 -1
122 -1 1.127337e+03 2.221639e+02 3.457693e+02 6.815889e+02 -1 -1 -1 -1
122 -1 9.154331e+02 1.450667e+02 1.840000e+02 4.158342e+02 -1 -1 -1 -1
122 -1 1.489986e+03 2.227678e+02 2.089140e+02 2.582266e+02 -1 -1 -1 -1
122 -1 1.404914e+03 1.676356e+02 1.154835e+02 3.901344e+02 -1 -1 -1 -1
122 -1 1.425149e+03 1.133326e+02 9.553024e+01 1.045037e+02 -1 -1 -1 -1
123 -1 8.785223e+02 1.408355e+02 1.570032e+02 4.324158e+02 -1 -1 -1 -1
123 -1 1.291762e+03 1.771723e+02 3.057259e+02 7.133264e+02 -1 -1 -1 -1
123 -1 1.531909e+03 2.073158e+02 1.559578e+02 2.671255e+02 -1 -1 -1 -1
123 -1 1.369114e+03 1.460320e+02 9.098969e+01 1.747313e+02 -1 -1 -1 -1
123 -1 1.454684e+03 1.157380e+02 6.708183e+01 8.421976e+01 -1 -1 -1 -1
124 -1 8.212461e+02 1.513591e+02 2.358234e+02 4.473799e+02 -1 -1 -1 -1
124 -1 1.333432e+03 1.945817e+02 3.421500e+02 6.919074e+02 -1 -1 -1 -1
124 -1 1.265863e+03 1.505917e+02 1.708269e+02 3.871951e+02 -1 -1 -1 -1
124 -1 1.418174e+03 1.121731e+02 1.149442e+02 2.246284e+02 -1 -1 -1 -1
124 -1 1.567929e+03 2.226636e+02 1.185622e+02 1.904495e+02 -1 -1 -1 -1
125 -1 8.405691e+02 1.592688e+02 1.860935e+02 4.470230e+02 -1 -1 -1 -1
125 -1 1.392858e+03 1.855599e+02 3.110500e+02 6.844747e+02 -1 -1 -1 -1
125 -1 1.252128e+03 1.384560e+02 1.306034e+02 3.874657e+02 -1 -1 -1 -1
125 -1 1.401425e+03 1.221668e+02 1.514866e+02 2.837019e+02 -1 -1 -1 -1
126 -1 8.295720e+02 1.616745e+02 1.631605e+02 4.505622e+02 -1 -1 -1 -1
126 -1 1.480093e+03 1.779451e+02 2.429448e+02 6.687728e+02 -1 -1 -1 -1
126 -1 1.205315e+03 1.332114e+02 1.482722e+02 3.791961e+02 -1 -1 -1 -1
126 -1 1.394640e+03 1.169619e+02 1.771447e+02 2.926883e+02 -1 -1 -1 -1
127 -1 7.879017e+02 1.833944e+02 2.007242e+02 4.746585e+02 -1 -1 -1 -1
127 -1 1.162024e+03 1.471154e+02 1.477343e+02 3.579905e+02 -1 -1 -1 -1
127 -1 1.486392e+03 1.717588e+02 2.788976e+02 6.399518e+02 -1 -1 -1 -1
127 -1 1.391318e+03 1.172329e+02 1.659615e+02 2.935164e+02 -1 -1 -1 -1
128 -1 7.621859e+02 1.739836e+02 2.326012e+02 5.160177e+02 -1 -1 -1 -1
128 -1 1.494522e+03 1.644558e+02 3.071684e+02 6.141516e+02 -1 -1 -1 -1
128 -1 1.138820e+03 1.356047e+02 1.066505e+02 3.656170e+02 -1 -1 -1 -1
128 -1 1.392538e+03 1.175735e+02 1.555032e+02 2.918940e+02 -1 -1 -1 -1
129 -1 1.073601e+03 1.440360e+02 1.485271e+02 3.532211e+02 -1 -1 -1 -1
129 -1 7.751278e+02 1.861586e+02 1.827256e+02 5.099218e+02 -1 -1 -1 -1
129 -1 1.491430e+03 1.527223e+02 3.243361e+02 5.834518e+02 -1 -1 -1 -1
129 -1 1.398733e+03 1.161971e+02 1.506255e+02 2.947100e+02 -1 -1 -1 -1
130 -1 1.060811e+03 1.428814e+02 1.517731e+02 3.522833e+02 -1 -1 -1 -1
130 -1 7.776397e+02 1.916689e+02 1.773452e+02 5.550377e+02 -1 -1 -1 -1
130 -1 1.492431e+03 1.475244e+02 3.020572e+02 5.856349e+02 -1 -1 -1 -1
130 -1 1.392132e+03 1.136463e+02 1.409342e+02 2.949258e+02 -1 -1 -1 -1
131 -1 1.017314e+03 1.436414e+02 1.326327e+02 3.798824e+02 -1 -1 -1 -1
131 -1 8.045480e+02 2.051024e+02 1.966956e+02 5.482424e+02 -1 -1 -1 -1
131 -1 1.474730e+03 1.336327e+02 2.788582e+02 5.263404e+02 -1 -1 -1 -1
131 -1 1.392981e+03 1.176035e+02 1.338638e+02 2.925415e+02 -1 -1 -1 -1
132 -1 8.214006e+02 2.201145e+02 2.332918e+02 6.111136e+02 -1 -1 -1 -1
132 -1 1.001189e+03 1.478079e+02 1.300420e+02 3.584755e+02 -1 -1 -1 -1
132 -1 1.503250e+03 1.251003e+02 2.337740e+02 5.296636e+02 -1 -1 -1 -1
132 -1 1.392931e+03 1.181033e+02 1.318119e+02 2.904959e+02 -1 -1 -1 -1
133 -1 1.492472e+03 1.342795e+02 2.180919e+02 5.200895e+02 -1 -1 -1 -1
133 -1 8.480843e+02 2.380877e+02 2.083902e+02 6.115893e+02 -1 -1 -1 -1
133 -1 9.945804e+02 1.463991e+02 1.026974e+02 3.790689e+02 -1 -1 -1 -1
133 -1 1.392667e+03 1.181465e+02 1.285739e+02 2.914117e+02 -1 -1 -1 -1
134 -1 9.045951e+02 1.983156e+02 1.772988e+02 6.487383e+02 -1 -1 -1 -1
134 -1 1.460545e+03 1.140974e+02 2.096702e+02 4.667310e+02 -1 -1 -1 -1
134 -1 1.394649e+03 1.187468e+02 1.305908e+02 2.829727e+02 -1 -1 -1 -1
134 -1 1.428701e+03 1.168379e+02 1.906277e+02 3.920257e+02 -1 -1 -1 -1
135 -1 9.218040e+02 2.394513e+02 2.704813e+02 6.286517e+02 -1 -1 -1 -1
135 -1 8.938567e+02 1.600410e+02 1.305436e+02 4.189108e+02 -1 -1 -1 -1
135 -1 1.380090e+03 1.162105e+02 2.245251e+02 4.527162e+02 -1 -1 -1 -1
135 -1 1.392067e+03 1.202709e+02 1.191685e+02 2.774736e+02 -1 -1 -1 -1
135 -1 1.566552e+03 2.163508e+02 1.409674e+02 2.445133e+02 -1 -1 -1 -1
136 -1 9.390455e+02 2.504919e+02 2.738493e+02 6.123951e+02 -1 -1 -1 -1
136 -1 8.679587e+02 1.570861e+02 1.468441e+02 4.217443e+02 -1 -1 -1 -1
136 -1 1.353617e+03 1.216588e+02 2.085546e+02 4.307397e+02 -1 -1 -1 -1
136 -1 1.507381e+03 2.194059e+02 1.930403e+02 2.388242e+02 -1 -1 -1 -1
137 -1 8.303907e+02 1.696912e+02 1.671804e+02 4.575156e+02 -1 -1 -1 -1
137 -1 1.088488e+03 2.358500e+02 1.893452e+02 6.705031e+02 -1 -1 -1 -1
137 -1 1.351789e+03 1.118723e+02 1.592013e+02 4.080689e+02 -1 -1 -1 -1
137 -1 1.498574e+03 2.128955e+02 2.037907e+02 2.507564e+02 -1 -1 -1 -1
137 -1 1.359767e+03 1.018275e+02 1.021280e+02 2.329142e+02 -1 -1 -1 -1
138 -1 1.092031e+03 2.593109e+02 2.773526e+02 6.425262e+02 -1 -1 -1 -1
138 -1 8.193538e+02 1.725040e+02 1.539532e+02 4.616537e+02 -1 -1 -1 -1
138 -1 1.295936e+03 1.027352e+02 1.757648e+02 4.193196e+02 -1 -1 -1 -1
138 -1 1.441602e+03 1.180363e+02 6.737343e+01 2.868127e+02 -1 -1 -1 -1
138 -1 1.497007e+03 2.132357e+02 1.913823e+02 2.548838e+02 -1 -1 -1 -1
139 -1 7.952138e+02 1.727272e+02 1.471870e+02 4.677997e+02 -1 -1 -1 -1
139 -1 1.174281e+03 2.484238e+02 2.638712e+02 6.668564e+02 -1 -1 -1 -1
139 -1 1.276410e+03 1.016329e+02 1.257996e+02 2.714990e+02 -1 -1 -1 -1
139 -1 1.417046e+03 1.147654e+02 9.607956e+01 2.918452e+02 -1 -1 -1 -1
139 -1 1.490697e+03 2.089250e+02 2.055618e+02 2.512961e+02 -1 -1 -1 -1
140 -1 7.735721e+02 1.769946e+02 1.580780e+02 5.117788e+02 -1 -1 -1 -1
140 -1 1.243083e+03 2.414342e+02 3.486978e+02 6.736074e+02 -1 -1 -1 -1
140 -1 1.222773e+03 9.461039e+01 1.376527e+02 3.946489e+02 -1 -1 -1 -1
140 -1 1.376107e+03 1.120421e+02 1.419676e+02 2.487600e+02 -1 -1 -1 -1
141 -1 7.643184e+02 1.835675e+02 1.623696e+02 5.134174e+02 -1 -1 -1 -1
141 -1 1.271307e+03 2.646642e+02 3.598718e+02 6.395568e+02 -1 -1 -1 -1
141 -1 1.161404e+03 9.562974e+01 1.707955e+02 3.958960e+02 -1 -1 -1 -1
141 -1 1.389243e+03 1.149906e+02 1.277380e+02 2.583991e+02 -1 -1 -1 -1
142 -1 1.138276e+03 9.680338e+01 1.572434e+02 3.841577e+02 -1 -1 -1 -1
142 -1 7.684197e+02 1.832268e+02 1.658232e+02 5.216594e+02 -1 -1 -1 -1
142 -1 1.380657e+03 2.348889e+02 2.686292e+02 6.651831e+02 -1 -1 -1 -1
142 -1 1.383663e+03 1.153930e+02 1.356697e+02 2.927321e+02 -1 -1 -1 -1
142 -1 1.575322e+03 2.250238e+02 1.272253e+02 2.026372e+02 -1 -1 -1 -1
143 -1 1.357821e+03 2.276464e+02 3.769926e+02 6.316841e+02 -1 -1 -1 -1
143 -1 1.121846e+03 1.007841e+02 1.236967e+02 3.804656e+02 -1 -1 -1 -1
143 -1 7.789518e+02 2.041278e+02 1.582922e+02 5.501756e+02 -1 -1 -1 -1
143 -1 1.385007e+03 1.152803e+02 1.329334e+02 2.908910e+02 -1 -1 -1 -1
144 -1 1.412143e+03 2.142153e+02 3.265695e+02 6.477840e+02 -1 -1 -1 -1
144 -1 7.983094e+02 2.115005e+02 1.595510e+02 5.483536e+02 -1 -1 -1 -1
144 -1 1.046540e+03 9.537402e+01 1.645635e+02 3.856715e+02 -1 -1 -1 -1
144 -1 1.388569e+03 1.143298e+02 1.314624e+02 2.964487e+02 -1 -1 -1 -1
145 -1 7.731555e+02 2.183962e+02 2.257921e+02 5.395052e+02 -1 -1 -1 -1
145 -1 1.034048e+03 9.998848e+01 1.567493e+02 3.934605e+02 -1 -1 -1 -1
145 -1 1.448937e+03 2.017280e+02 3.254185e+02 6.023297e+02 -1 -1 -1 -1
145 -1 1.387902e+03 1.163869e+02 1.331337e+02 2.971318e+02 -1 -1 -1 -1
146 -1 1.394236e+03 2.059893e+02 4.245895e+02 5.943442e+02 -1 -1 -1 -1
146 -1 8.031290e+02 2.348580e+02 2.260031e+02 5.778750e+02 -1 -1 -1 -1
146 -1 1.014360e+03 1.028289e+02 1.344740e+02 3.904410e+02 -1 -1 -1 -1
146 -1 1.388213e+03 1.168001e+02 1.476157e+02 2.882367e+02 -1 -1 -1 -1
147 -1 1.523526e+03 1.987805e+02 2.561153e+02 5.820911e+02 -1 -1 -1 -1
147 -1 9.104602e+02 2.298094e+02 1.874488e+02 6.255547e+02 -1 -1 -1 -1
147 -1 9.942339e+02 1.068269e+02 1.168748e+02 3.755360e+02 -1 -1 -1 -1
147 -1 1.390364e+03 1.139188e+02 1.801501e+02 3.113937e+02 -1 -1 -1 -1
148 -1 1.490621e+03 1.885026e+02 2.848581e+02 5.461847e+02 -1 -1 -1 -1
148 -1 9.231888e+02 2.427404e+02 2.224072e+02 6.029883e+02 -1 -1 -1 -1
148 -1 1.389179e+03 1.151928e+02 1.896140e+02 2.997609e+02 -1 -1 -1 -1
148 -1 9.389504e+02 1.074111e+02 1.366017e+02 2.331178e+02 -1 -1 -1 -1
149 -1 9.499781e+02 2.508350e+02 2.443542e+02 6.021161e+02 -1 -1 -1 -1
149 -1 1.480090e+03 1.796176e+02 3.285578e+02 5.328936e+02 -1 -1 -1 -1
149 -1 8.971258e+02 1.087410e+02 1.567163e+02 4.264871e+02 -1 -1 -1 -1
149 -1 1.395254e+03 1.146119e+02 1.696113e+02 2.987539e+02 -1 -1 -1 -1
150 -1 1.025364e+03 2.526356e+02 2.061296e+02 6.062331e+02 -1 -1 -1 -1
150 -1 8.651545e+02 1.098472e+02 1.521036e+02 4.368709e+02 -1 -1 -1 -1
150 -1 1.519281e+03 1.837186e+02 2.680669e+02 5.151661e+02 -1 -1 -1 -1
150 -1 1.390585e+03 1.169032e+02 1.296101e+02 2.913425e+02 -1 -1 -1 -1
151 -1 1.085668e+03 2.557525e+02 2.791582e+02 6.151587e+02 -1 -1 -1 -1
151 -1 1.475320e+03 1.702689e+02 3.226515e+02 4.840453e+02 -1 -1 -1 -1
151 -1 8.320238e+02 1.128455e+02 1.500073e+02 4.302143e+02 -1 -1 -1 -1
151 -1 1.387194e+03 1.190683e+02 1.285909e+02 2.909826e+02 -1 -1 -1 -1
152 -1 1.106821e+03 2.523727e+02 2.901205e+02 6.197076e+02 -1 -1 -1 -1
152 -1 7.842080e+02 1.157687e+02 1.711428e+02 4.644496e+02 -1 -1 -1 -1
152 -1 1.482889e+03 1.700247e+02 2.891510e+02 4.973446e+02 -1 -1 -1 -1
152 -1 1.386112e+03 1.182249e+02 1.284096e+02 2.917358e+02 -1 -1 -1 -1
153 -1 7.668380e+02 1.230573e+02 1.667489e+02 4.749980e+02 -1 -1 -1 -1
153 -1 1.219407e+03 2.584190e+02 2.508073e+02 6.200269e+02 -1 -1 -1 -1
153 -1 1.518132e+03 1.599830e+02 2.182745e+02 5.034352e+02 -1 -1 -1 -1
153 -1 1.399335e+03 1.164853e+02 1.185139e+02 2.914674e+02 -1 -1 -1 -1
154 -1 1.228457e+03 2.641870e+02 3.901243e+02 5.933002e+02 -1 -1 -1 -1
154 -1 7.332697e+02 1.242760e+02 1.726728e+02 4.995317e+02 -1 -1 -1 -1
154 -1 1.531977e+03 1.668546e+02 1.640776e+02 4.038764e+02 -1 -1 -1 -1
154 -1 1.384455e+03 1.186859e+02 1.250638e+02 2.393394e+02 -1 -1 -1 -1
155 -1 6.978576e+02 1.353116e+02 2.019237e+02 5.137462e+02 -1 -1 -1 -1
155 -1 1.288669e+03 2.757360e+02 3.165548e+02 5.862653e+02 -1 -1 -1 -1
155 -1 1.377871e+03 1.205820e+02 1.376015e+02 2.764611e+02 -1 -1 -1 -1
155 -1 1.517933e+03 1.800564e+02 1.224316e+02 2.973020e+02 -1 -1 -1 -1
155 -1 1.631656e+03 2.206914e+02 9.156921e+01 2.189836e+02 -1 -1 -1 -1
155 -1 1.552654e+03 1.964845e+02 1.078029e+02 2.761311e+02 -1 -1 -1 -1
156 -1 7.055881e+02 1.516320e+02 1.896735e+02 5.553015e+02 -1 -1 -1 -1
156 -1 1.418168e+03 2.360015e+02 2.076176e+02 6.108182e+02 -1 -1 -1 -1
156 -1 1.397715e+03 1.240371e+02 1.348865e+02 2.761612e+02 -1 -1 -1 -1
156 -1 1.587705e+03 2.201826e+02 1.166652e+02 1.927621e+02 -1 -1 -1 -1
157 -1 6.740220e+02 1.641493e+02 2.251429e+02 5.862878e+02 -1 -1 -1 -1
157 -1 1.426297e+03 2.482234e+02 2.503640e+02 5.833487e+02 -1 -1 -1 -1
157 -1 1.414280e+03 1.513240e+02 1.501728e+02 3.803701e+02 -1 -1 -1 -1
157 -1 1.386149e+03 1.353514e+02 1.287529e+02 2.828429e+02 -1 -1 -1 -1
158 -1 6.631419e+02 1.653045e+02 2.432493e+02 6.021142e+02 -1 -1 -1 -1
158 -1 1.443714e+03 2.332859e+02 2.715749e+02 5.855549e+02 -1 -1 -1 -1
158 -1 1.316956e+03 1.362221e+02 2.105370e+02 4.024235e+02 -1 -1 -1 -1
159 -1 7.053176e+02 1.801998e+02 2.506943e+02 6.269965e+02 -1 -1 -1 -1
159 -1 1.455772e+03 2.213517e+02 3.149123e+02 5.492396e+02 -1 -1 -1 -1
159 -1 1.294579e+03 1.292438e+02 1.726344e+02 3.896443e+02 -1 -1 -1 -1
159 -1 1.432099e+03 1.196323e+02 8.753860e+01 2.616830e+02 -1 -1 -1 -1
160 -1 7.481334e+02 1.814539e+02 2.116605e+02 6.614121e+02 -1 -1 -1 -1
160 -1 1.479376e+03 2.098963e+02 2.917234e+02 5.577982e+02 -1 -1 -1 -1
160 -1 1.286477e+03 1.243179e+02 1.356528e+02 4.011584e+02 -1 -1 -1 -1
160 -1 1.394179e+03 1.232842e+02 1.334111e+02 2.902836e+02 -1 -1 -1 -1
161 -1 7.836625e+02 1.968039e+02 2.182803e+02 6.707370e+02 -1 -1 -1 -1
161 -1 1.201332e+03 1.163992e+02 1.719852e+02 3.912013e+02 -1 -1 -1 -1
161 -1 1.524214e+03 1.977657e+02 2.352928e+02 5.476115e+02 -1 -1 -1 -1
161 -1 1.388908e+03 1.200085e+02 1.383117e+02 2.908284e+02 -1 -1 -1 -1
162 -1 8.172545e+02 2.132855e+02 2.816500e+02 6.984141e+02 -1 -1 -1 -1
162 -1 1.201208e+03 1.218830e+02 1.468064e+02 3.838015e+02 -1 -1 -1 -1
162 -1 1.531829e+03 1.868591e+02 2.157136e+02 5.060473e+02 -1 -1 -1 -1
162 -1 1.387945e+03 1.186859e+02 1.384277e+02 2.913217e+02 -1 -1 -1 -1
163 -1 9.198237e+02 2.041383e+02 2.624911e+02 7.265620e+02 -1 -1 -1 -1
163 -1 1.142082e+03 1.177130e+02 1.555259e+02 3.872542e+02 -1 -1 -1 -1
163 -1 1.488208e+03 1.883743e+02 2.418038e+02 4.952526e+02 -1 -1 -1 -1
163 -1 1.387844e+03 1.192326e+02 1.421947e+02 2.902047e+02 -1 -1 -1 -1
164 -1 1.037383e+03 1.914921e+02 2.235008e+02 7.234835e+02 -1 -1 -1 -1
164 -1 1.502181e+03 1.795036e+02 2.052040e+02 4.750468e+02 -1 -1 -1 -1
164 -1 1.387203e+03 1.199500e+02 1.428504e+02 2.907361e+02 -1 -1 -1 -1
164 -1 1.171068e+03 1.190695e+02 9.199516e+01 1.796740e+02 -1 -1 -1 -1
164 -1 1.174900e+03 3.050329e+02 6.452431e+01 1.618051e+02 -1 -1 -1 -1
165 -1 1.052615e+03 2.092123e+02 3.165017e+02 7.351181e+02 -1 -1 -1 -1
165 -1 1.483446e+03 1.582785e+02 1.897318e+02 4.326641e+02 -1 -1 -1 -1
165 -1 1.388600e+03 1.193978e+02 1.403714e+02 2.926162e+02 -1 -1 -1 -1
165 -1 1.118611e+03 1.210550e+02 1.196384e+02 2.616660e+02 -1 -1 -1 -1
166 -1 1.074352e+03 2.198701e+02 3.361031e+02 7.323766e+02 -1 -1 -1 -1
166 -1 1.070299e+03 1.223709e+02 1.510593e+02 3.838731e+02 -1 -1 -1 -1
166 -1 1.435382e+03 1.601263e+02 2.024812e+02 4.313237e+02 -1 -1 -1 -1
166 -1 1.391625e+03 1.165275e+02 1.423895e+02 2.865312e+02 -1 -1 -1 -1
166 -1 1.597934e+03 2.162109e+02 1.098049e+02 2.317546e+02 -1 -1 -1 -1
167 -1 1.034780e+03 1.289334e+02 1.424114e+02 3.804274e+02 -1 -1 -1 -1
167 -1 1.270039e+03 1.926121e+02 2.424223e+02 7.602109e+02 -1 -1 -1 -1
167 -1 1.550775e+03 2.127494e+02 1.481982e+02 2.406734e+02 -1 -1 -1 -1
167 -1 1.445941e+03 1.765380e+02 1.427600e+02 3.011549e+02 -1 -1 -1 -1
167 -1 1.408840e+03 1.134014e+02 1.056013e+02 1.326206e+02 -1 -1 -1 -1
168 -1 1.267056e+03 2.187292e+02 3.242425e+02 7.052487e+02 -1 -1 -1 -1
168 -1 1.015540e+03 1.337602e+02 1.393478e+02 3.941962e+02 -1 -1 -1 -1
168 -1 1.556809e+03 2.265344e+02 1.463521e+02 2.144712e+02 -1 -1 -1 -1
168 -1 1.584500e+03 2.244699e+02 1.054555e+02 1.269727e+02 -1 -1 -1 -1
168 -1 1.422223e+03 1.190186e+02 9.999298e+01 1.400004e+02 -1 -1 -1 -1
168 -1 1.427843e+03 1.581456e+02 9.274269e+01 1.475217e+02 -1 -1 -1 -1
169 -1 9.921465e+02 1.349604e+02 1.399873e+02 3.925854e+02 -1 -1 -1 -1
169 -1 1.323552e+03 1.909004e+02 3.486356e+02 7.100183e+02 -1 -1 -1 -1
169 -1 1.364914e+03 1.528729e+02 1.384264e+02 3.919768e+02 -1 -1 -1 -1
169 -1 1.457337e+03 1.158319e+02 7.264526e+01 1.914956e+02 -1 -1 -1 -1
169 -1 1.618553e+03 2.176060e+02 8.805862e+01 2.027565e+02 -1 -1 -1 -1
169 -1 1.365569e+03 1.633662e+02 1.012310e+02 2.285677e+02 -1 -1 -1 -1
170 -1 1.413468e+03 1.905080e+02 3.294228e+02 6.909223e+02 -1 -1 -1 -1
170 -1 9.666799e+02 1.398799e+02 1.401563e+02 3.932648e+02 -1 -1 -1 -1
170 -1 1.335630e+03 1.571099e+02 1.417065e+02 3.795213e+02 -1 -1 -1 -1
170 -1 1.440448e+03 1.168967e+02 8.595406e+01 2.103859e+02 -1 -1 -1 -1
171 -1 1.451439e+03 1.866342e+02 3.278215e+02 6.945879e+02 -1 -1 -1 -1
171 -1 9.183680e+02 1.451420e+02 1.558360e+02 4.215913e+02 -1 -1 -1 -1
171 -1 1.286134e+03 1.420041e+02 1.418676e+02 3.828476e+02 -1 -1 -1 -1
171 -1 1.403111e+03 1.204017e+02 1.290930e+02 2.859111e+02 -1 -1 -1 -1
172 -1 8.776194e+02 1.486904e+02 1.545843e+02 4.272253e+02 -1 -1 -1 -1
172 -1 1.485380e+03 1.741628e+02 3.029315e+02 6.665836e+02 -1 -1 -1 -1
172 -1 1.237523e+03 1.398384e+02 1.624731e+02 3.749166e+02 -1 -1 -1 -1
172 -1 1.390843e+03 1.214987e+02 1.397411e+02 2.907677e+02 -1 -1 -1 -1
173 -1 8.348656e+02 1.573166e+02 1.701726e+02 4.316911e+02 -1 -1 -1 -1
173 -1 1.516621e+03 1.527548e+02 2.775691e+02 6.145378e+02 -1 -1 -1 -1
173 -1 1.239062e+03 1.253505e+02 1.136884e+02 3.736107e+02 -1 -1 -1 -1
173 -1 1.388168e+03 1.215581e+02 1.412959e+02 2.917423e+02 -1 -1 -1 -1
174 -1 7.690762e+02 1.554507e+02 1.884887e+02 4.684664e+02 -1 -1 -1 -1
174 -1 1.139983e+03 1.397686e+02 1.644028e+02 3.629484e+02 -1 -1 -1 -1
174 -1 1.516190e+03 1.721182e+02 2.909422e+02 5.734044e+02 -1 -1 -1 -1
174 -1 1.388081e+03 1.198025e+02 1.410915e+02 2.911555e+02 -1 -1 -1 -1
175 -1 7.397568e+02 1.699915e+02 1.872179e+02 5.180199e+02 -1 -1 -1 -1
175 -1 1.124606e+03 1.338262e+02 1.115531e+02 3.601184e+02 -1 -1 -1 -1
175 -1 1.528732e+03 1.410672e+02 2.921924e+02 5.440048e+02 -1 -1 -1 -1
175 -1 1.390781e+03 1.173248e+02 1.308387e+02 2.890284e+02 -1 -1 -1 -1
176 -1 1.069159e+03 1.302771e+02 1.573137e+02 3.741704e+02 -1 -1 -1 -1
176 -1 7.440962e+02 1.734454e+02 1.752183e+02 5.402906e+02 -1 -1 -1 -1
176 -1 1.518407e+03 1.483629e+02 2.788179e+02 5.342986e+02 -1 -1 -1 -1
176 -1 1.392232e+03 1.189591e+02 1.310916e+02 2.893812e+02 -1 -1 -1 -1
177 -1 6.757365e+02 1.891182e+02 2.638343e+02 5.342905e+02 -1 -1 -1 -1
177 -1 1.039000e+03 1.406185e+02 1.495001e+02 3.608232e+02 -1 -1 -1 -1
177 -1 1.510057e+03 1.293994e+02 2.397489e+02 5.484752e+02 -1 -1 -1 -1
177 -1 1.397846e+03 1.193485e+02 1.262547e+02 2.884334e+02 -1 -1 -1 -1
178 -1 7.169709e+02 1.894729e+02 2.184503e+02 5.578040e+02 -1 -1 -1 -1
178 -1 1.500223e+03 1.218974e+02 2.022503e+02 4.813099e+02 -1 -1 -1 -1
178 -1 1.030738e+03 1.383804e+02 1.083497e+02 3.754272e+02 -1 -1 -1 -1
178 -1 1.397307e+03 1.201399e+02 1.265932e+02 2.885580e+02 -1 -1 -1 -1
179 -1 9.506106e+02 1.487061e+02 1.498741e+02 3.666247e+02 -1 -1 -1 -1
179 -1 7.555741e+02 1.984951e+02 1.927224e+02 5.770388e+02 -1 -1 -1 -1
179 -1 1.444930e+03 1.195378e+02 2.106267e+02 4.650326e+02 -1 -1 -1 -1
179 -1 1.397522e+03 1.176894e+02 1.349190e+02 2.818893e+02 -1 -1 -1 -1
179 -1 1.578839e+03 2.198041e+02 1.460866e+02 2.390148e+02 -1 -1 -1 -1
180 -1 1.392656e+03 1.200783e+02 2.208126e+02 4.599015e+02 -1 -1 -1 -1
180 -1 7.818061e+02 2.205443e+02 2.152302e+02 5.739372e+02 -1 -1 -1 -1
180 -1 9.571341e+02 1.491544e+02 1.404391e+02 3.725197e+02 -1 -1 -1 -1
180 -1 1.552304e+03 2.228090e+02 1.684900e+02 2.285359e+02 -1 -1 -1 -1
180 -1 1.403524e+03 1.168765e+02 1.080528e+02 2.729550e+02 -1 -1 -1 -1
181 -1 8.209206e+02 2.260062e+02 2.144928e+02 5.860077e+02 -1 -1 -1 -1
181 -1 1.393328e+03 1.068282e+02 1.731322e+02 4.431154e+02 -1 -1 -1 -1
181 -1 1.500391e+03 2.098620e+02 2.295044e+02 2.517201e+02 -1 -1 -1 -1
181 -1 9.317465e+02 1.363502e+02 1.187423e+02 3.505461e+02 -1 -1 -1 -1
181 -1 1.424349e+03 1.398840e+02 1.933303e+02 3.633474e+02 -1 -1 -1 -1
182 -1 8.973139e+02 2.257748e+02 2.637206e+02 6.508129e+02 -1 -1 -1 -1
182 -1 1.298608e+03 1.020047e+02 2.125253e+02 4.217008e+02 -1 -1 -1 -1
182 -1 1.499733e+03 2.082933e+02 2.183331e+02 2.560167e+02 -1 -1 -1 -1
182 -1 8.689208e+02 1.534347e+02 1.311740e+02 2.571861e+02 -1 -1 -1 -1
183 -1 1.250946e+03 1.069553e+02 1.888502e+02 4.020759e+02 -1 -1 -1 -1
183 -1 9.519095e+02 2.393725e+02 2.265108e+02 6.928799e+02 -1 -1 -1 -1
183 -1 8.563069e+02 1.616489e+02 1.250504e+02 4.284464e+02 -1 -1 -1 -1
183 -1 1.496016e+03 2.136684e+02 2.169788e+02 2.517543e+02 -1 -1 -1 -1
183 -1 1.407294e+03 1.184380e+02 1.186240e+02 2.836834e+02 -1 -1 -1 -1
184 -1 8.313504e+02 1.612801e+02 1.274591e+02 4.271136e+02 -1 -1 -1 -1
184 -1 1.055729e+03 2.420565e+02 2.041866e+02 6.898520e+02 -1 -1 -1 -1
184 -1 1.242232e+03 1.024141e+02 1.399999e+02 3.935307e+02 -1 -1 -1 -1
184 -1 1.393136e+03 1.203685e+02 1.307142e+02 2.875034e+02 -1 -1 -1 -1
184 -1 1.494751e+03 2.112559e+02 2.227645e+02 2.521295e+02 -1 -1 -1 -1
185 -1 1.056124e+03 2.523125e+02 3.066463e+02 6.849782e+02 -1 -1 -1 -1
185 -1 8.009335e+02 1.732901e+02 1.361195e+02 4.673782e+02 -1 -1 -1 -1
185 -1 1.397816e+03 1.186274e+02 1.222291e+02 2.865133e+02 -1 -1 -1 -1
185 -1 1.490187e+03 2.144891e+02 2.210781e+02 2.447662e+02 -1 -1 -1 -1
185 -1 1.196147e+03 1.031344e+02 1.421132e+02 2.536965e+02 -1 -1 -1 -1
186 -1 7.638510e+02 1.800652e+02 1.639502e+02 4.782737e+02 -1 -1 -1 -1
186 -1 1.161259e+03 2.487717e+02 2.380591e+02 6.919962e+02 -1 -1 -1 -1
186 -1 1.137237e+03 1.013535e+02 1.495356e+02 3.807289e+02 -1 -1 -1 -1
186 -1 1.397495e+03 1.172916e+02 1.199609e+02 2.868092e+02 -1 -1 -1 -1
186 -1 1.486551e+03 2.132029e+02 2.223612e+02 2.479993e+02 -1 -1 -1 -1
187 -1 1.267746e+03 2.463697e+02 3.135905e+02 6.470585e+02 -1 -1 -1 -1
187 -1 7.278382e+02 1.896681e+02 1.992907e+02 5.231631e+02 -1 -1 -1 -1
187 -1 1.096164e+03 1.010238e+02 1.470921e+02 3.965324e+02 -1 -1 -1 -1
187 -1 1.503619e+03 2.151847e+02 2.049667e+02 2.479972e+02 -1 -1 -1 -1
187 -1 1.412678e+03 1.169580e+02 1.055008e+02 1.751638e+02 -1 -1 -1 -1
188 -1 1.044554e+03 1.084392e+02 1.602212e+02 3.905012e+02 -1 -1 -1 -1
188 -1 7.214536e+02 2.160564e+02 1.970154e+02 5.305180e+02 -1 -1 -1 -1
188 -1 1.276688e+03 2.370141e+02 3.398003e+02 6.568146e+02 -1 -1 -1 -1
188 -1 1.400647e+03 1.145171e+02 1.312816e+02 2.509048e+02 -1 -1 -1 -1
188 -1 1.564568e+03 2.226601e+02 1.446897e+02 2.060072e+02 -1 -1 -1 -1
189 -1 7.271653e+02 2.153597e+02 2.179011e+02 5.362070e+02 -1 -1 -1 -1
189 -1 1.025824e+03 1.037994e+02 1.335823e+02 4.074359e+02 -1 -1 -1 -1
189 -1 1.380906e+03 2.315012e+02 3.009137e+02 6.468657e+02 -1 -1 -1 -1
189 -1 1.396832e+03 1.167257e+02 1.346633e+02 2.824008e+02 -1 -1 -1 -1
189 -1 1.602435e+03 2.188149e+02 1.151967e+02 1.980055e+02 -1 -1 -1 -1
190 -1 7.479187e+02 2.269171e+02 2.129830e+02 5.864405e+02 -1 -1 -1 -1
190 -1 1.353632e+03 2.297193e+02 3.836066e+02 6.571040e+02 -1 -1 -1 -1
190 -1 9.924881e+02 1.049276e+02 1.327695e+02 3.984660e+02 -1 -1 -1 -1
190 -1 1.402183e+03 1.160981e+02 1.279335e+02 2.896578e+02 -1 -1 -1 -1
190 -1 1.634078e+03 2.270889e+02 8.676292e+01 1.507776e+02 -1 -1 -1 -1
191 -1 7.786957e+02 2.509715e+02 2.025545e+02 6.166449e+02 -1 -1 -1 -1
191 -1 1.460818e+03 2.126760e+02 2.665155e+02 6.065702e+02 -1 -1 -1 -1
191 -1 9.553991e+02 1.159703e+02 1.354205e+02 4.055148e+02 -1 -1 -1 -1
191 -1 1.395603e+03 1.195436e+02 1.329630e+02 2.903090e+02 -1 -1 -1 -1
192 -1 1.420060e+03 1.943925e+02 3.265329e+02 5.823933e+02 -1 -1 -1 -1
192 -1 8.395659e+02 2.443940e+02 1.926906e+02 6.107356e+02 -1 -1 -1 -1
192 -1 9.108042e+02 9.887796e+01 1.246355e+02 3.826511e+02 -1 -1 -1 -1
192 -1 1.401746e+03 1.172655e+02 1.206139e+02 2.889816e+02 -1 -1 -1 -1
193 -1 8.720899e+02 2.576900e+02 2.505931e+02 6.217131e+02 -1 -1 -1 -1
193 -1 1.438370e+03 2.020653e+02 3.275480e+02 5.534563e+02 -1 -1 -1 -1
193 -1 8.589138e+02 1.051554e+02 1.404795e+02 3.778394e+02 -1 -1 -1 -1
193 -1 1.396733e+03 1.183125e+02 1.283851e+02 2.929004e+02 -1 -1 -1 -1
194 -1 8.856826e+02 2.606171e+02 2.686414e+02 6.325460e+02 -1 -1 -1 -1
194 -1 8.330244e+02 1.187830e+02 1.456639e+02 4.529819e+02 -1 -1 -1 -1
194 -1 1.497626e+03 1.829332e+02 2.634322e+02 5.284506e+02 -1 -1 -1 -1
194 -1 1.396404e+03 1.181286e+02 1.279051e+02 2.956029e+02 -1 -1 -1 -1
194 -1 1.417760e+03 1.151019e+02 1.087896e+02 2.113115e+02 -1 -1 -1 -1
195 -1 9.939638e+02 2.603312e+02 1.880807e+02 6.349592e+02 -1 -1 -1 -1
195 -1 1.480591e+03 1.786350e+02 2.743302e+02 5.324612e+02 -1 -1 -1 -1
195 -1 8.043800e+02 1.203342e+02 1.353505e+02 4.761755e+02 -1 -1 -1 -1
195 -1 1.399498e+03 1.177486e+02 1.244142e+02 2.947932e+02 -1 -1 -1 -1
196 -1 1.041600e+03 2.926413e+02 3.117730e+02 6.340992e+02 -1 -1 -1 -1
196 -1 7.550648e+02 1.310864e+02 1.535881e+02 4.836548e+02 -1 -1 -1 -1
196 -1 1.503720e+03 1.690672e+02 2.257997e+02 4.895248e+02 -1 -1 -1 -1
196 -1 1.402659e+03 1.179996e+02 1.204726e+02 2.945415e+02 -1 -1 -1 -1
197 -1 1.123789e+03 2.512818e+02 2.606884e+02 6.832137e+02 -1 -1 -1 -1
197 -1 7.166627e+02 1.356603e+02 1.606526e+02 5.374487e+02 -1 -1 -1 -1
197 -1 1.497588e+03 1.633604e+02 2.186245e+02 4.868010e+02 -1 -1 -1 -1
197 -1 1.407433e+03 1.153551e+02 1.175352e+02 2.960697e+02 -1 -1 -1 -1
198 -1 1.239277e+03 2.801102e+02 2.691076e+02 6.483312e+02 -1 -1 -1 -1
198 -1 6.624484e+02 1.471690e+02 2.196396e+02 5.403432e+02 -1 -1 -1 -1
198 -1 1.490981e+03 1.589310e+02 1.937959e+02 4.815659e+02 -1 -1 -1 -1
198 -1 1.414764e+03 1.153393e+02 1.131443e+02 2.693297e+02 -1 -1 -1 -1
199 -1 1.259182e+03 2.826996e+02 3.118426e+02 6.428892e+02 -1 -1 -1 -1
199 -1 6.474950e+02 1.596656e+02 2.098209e+02 5.783746e+02 -1 -1 -1 -1
199 -1 1.504531e+03 1.399020e+02 1.317050e+02 4.732422e+02 -1 -1 -1 -1
199 -1 1.594719e+03 2.224034e+02 1.256639e+02 1.944908e+02 -1 -1 -1 -1
199 -1 1.416367e+03 1.130251e+02 1.071790e+02 1.709976e+02 -1 -1 -1 -1
199 -1 1.403403e+03 1.125360e+02 1.191836e+02 2.554945e+02 -1 -1 -1 -1
200 -1 6.712232e+02 1.631995e+02 2.022124e+02 6.136652e+02 -1 -1 -1 -1
200 -1 1.382815e+03 2.510397e+02 2.320903e+02 6.570772e+02 -1 -1 -1 -1
200 -1 1.432642e+03 1.337519e+02 1.424419e+02 2.758393e+02 -1 -1 -1 -1
200 -1 1.406215e+03 1.208398e+02 1.240537e+02 2.770430e+02 -1 -1 -1 -1
200 -1 1.576990e+03 2.247978e+02 1.370419e+02 2.098384e+02 -1 -1 -1 -1
201 -1 6.718055e+02 1.644868e+02 2.427528e+02 6.129768e+02 -1 -1 -1 -1
201 -1 1.401897e+03 2.686252e+02 2.408805e+02 6.021714e+02 -1 -1 -1 -1
201 -1 1.375366e+03 1.280379e+02 1.606739e+02 4.118617e+02 -1 -1 -1 -1
201 -1 1.593785e+03 2.247761e+02 1.280527e+02 1.876354e+02 -1 -1 -1 -1
201 -1 1.383628e+03 1.993562e+02 2.124156e+02 5.638413e+02 -1 -1 -1 -1
202 -1 6.852876e+02 1.792552e+02 2.658128e+02 6.650086e+02 -1 -1 -1 -1
202 -1 1.414536e+03 2.473897e+02 2.860066e+02 6.170338e+02 -1 -1 -1 -1
202 -1 1.319689e+03 1.298656e+02 1.829533e+02 4.144578e+02 -1 -1 -1 -1
202 -1 1.455380e+03 1.165674e+02 7.646805e+01 2.583345e+02 -1 -1 -1 -1
202 -1 1.456659e+03 1.171035e+02 7.051964e+01 1.608895e+02 -1 -1 -1 -1
202 -1 1.647544e+03 2.314564e+02 7.596680e+01 1.642073e+02 -1 -1 -1 -1
203 -1 7.217156e+02 1.975741e+02 2.336655e+02 6.819452e+02 -1 -1 -1 -1
203 -1 1.487400e+03 2.257363e+02 2.666107e+02 5.772387e+02 -1 -1 -1 -1
203 -1 1.271485e+03 1.264062e+02 1.432510e+02 3.963670e+02 -1 -1 -1 -1
203 -1 1.390488e+03 1.214793e+02 1.389908e+02 2.885448e+02 -1 -1 -1 -1
204 -1 7.445391e+02 1.902817e+02 2.175628e+02 6.971601e+02 -1 -1 -1 -1
204 -1 1.505294e+03 2.178917e+02 2.588457e+02 5.871669e+02 -1 -1 -1 -1
204 -1 1.248013e+03 1.084330e+02 1.353788e+02 3.974528e+02 -1 -1 -1 -1
204 -1 1.389395e+03 1.239080e+02 1.411132e+02 2.859901e+02 -1 -1 -1 -1
205 -1 7.838425e+02 2.063743e+02 2.468179e+02 6.833999e+02 -1 -1 -1 -1
205 -1 1.519256e+03 2.085204e+02 2.435596e+02 5.537379e+02 -1 -1 -1 -1
205 -1 1.167622e+03 1.206795e+02 1.743006e+02 3.795798e+02 -1 -1 -1 -1
205 -1 1.397194e+03 1.183395e+02 1.276337e+02 2.935659e+02 -1 -1 -1 -1
206 -1 8.421054e+02 2.283059e+02 2.772382e+02 6.970605e+02 -1 -1 -1 -1
206 -1 1.168789e+03 1.235356e+02 1.196942e+02 3.604540e+02 -1 -1 -1 -1
206 -1 1.525379e+03 2.052018e+02 2.385182e+02 5.107097e+02 -1 -1 -1 -1
206 -1 1.398765e+03 1.213097e+02 1.277552e+02 2.899835e+02 -1 -1 -1 -1
207 -1 8.708336e+02 2.181602e+02 2.816009e+02 7.330633e+02 -1 -1 -1 -1
207 -1 1.097122e+03 1.217064e+02 1.446011e+02 3.609002e+02 -1 -1 -1 -1
207 -1 1.495319e+03 1.944610e+02 2.701726e+02 5.280763e+02 -1 -1 -1 -1
207 -1 1.396606e+03 1.209988e+02 1.304304e+02 2.894929e+02 -1 -1 -1 -1
208 -1 9.908128e+02 1.967246e+02 2.411829e+02 7.923312e+02 -1 -1 -1 -1
208 -1 1.495778e+03 1.820974e+02 2.420815e+02 4.721202e+02 -1 -1 -1 -1
208 -1 1.401212e+03 1.198102e+02 1.257497e+02 2.907767e+02 -1 -1 -1 -1
208 -1 1.109711e+03 1.229858e+02 9.304504e+01 1.447486e+02 -1 -1 -1 -1
209 -1 1.018081e+03 2.235694e+02 3.020771e+02 7.561802e+02 -1 -1 -1 -1
209 -1 1.470018e+03 1.783605e+02 2.415195e+02 4.787679e+02 -1 -1 -1 -1
209 -1 1.405016e+03 1.179738e+02 1.235573e+02 2.890071e+02 -1 -1 -1 -1
209 -1 1.065920e+03 1.125799e+02 1.081586e+02 2.606525e+02 -1 -1 -1 -1
210 -1 1.027344e+03 2.500814e+02 3.456450e+02 7.245645e+02 -1 -1 -1 -1
210 -1 9.972019e+02 1.218693e+02 1.674960e+02 4.013098e+02 -1 -1 -1 -1
210 -1 1.447667e+03 1.811120e+02 2.275433e+02 4.678459e+02 -1 -1 -1 -1
210 -1 1.397467e+03 1.138794e+02 1.238203e+02 2.965744e+02 -1 -1 -1 -1
210 -1 1.638437e+03 2.179530e+02 7.538681e+01 2.348009e+02 -1 -1 -1 -1
211 -1 1.135521e+03 2.402104e+02 3.743294e+02 7.408020e+02 -1 -1 -1 -1
211 -1 9.857746e+02 1.326759e+02 1.328519e+02 4.038588e+02 -1 -1 -1 -1
211 -1 1.414298e+03 1.555479e+02 2.027893e+02 3.912566e+02 -1 -1 -1 -1
211 -1 1.541021e+03 2.153974e+02 1.597202e+02 2.705084e+02 -1 -1 -1 -1
211 -1 1.416074e+03 1.159945e+02 1.091684e+02 1.607998e+02 -1 -1 -1 -1
212 -1 1.254030e+03 2.333336e+02 2.963718e+02 7.464164e+02 -1 -1 -1 -1
212 -1 9.622525e+02 1.332966e+02 1.401514e+02 4.096334e+02 -1 -1 -1 -1
212 -1 1.510944e+03 2.080479e+02 1.799744e+02 2.744038e+02 -1 -1 -1 -1
212 -1 1.413588e+03 1.157597e+02 9.028198e+01 1.271081e+02 -1 -1 -1 -1
212 -1 1.490125e+03 1.938779e+02 9.614433e+01 2.354654e+02 -1 -1 -1 -1
212 -1 1.494021e+03 1.446430e+02 7.444748e+01 1.061954e+02 -1 -1 -1 -1
213 -1 1.256097e+03 2.268507e+02 3.546632e+02 7.498806e+02 -1 -1 -1 -1
213 -1 9.055305e+02 1.400877e+02 1.993416e+02 4.161685e+02 -1 -1 -1 -1
213 -1 1.582102e+03 2.167140e+02 1.405497e+02 2.147225e+02 -1 -1 -1 -1
213 -1 1.416188e+03 1.364785e+02 1.084657e+02 2.083552e+02 -1 -1 -1 -1
213 -1 1.478666e+03 2.264331e+02 1.778762e+02 2.366884e+02 -1 -1 -1 -1
214 -1 9.058316e+02 1.385727e+02 1.396522e+02 4.443190e+02 -1 -1 -1 -1
214 -1 1.337715e+03 2.219827e+02 3.131195e+02 7.124995e+02 -1 -1 -1 -1
214 -1 1.314046e+03 1.387624e+02 1.633141e+02 3.768713e+02 -1 -1 -1 -1
214 -1 1.595517e+03 2.157370e+02 1.364161e+02 2.137373e+02 -1 -1 -1 -1
214 -1 1.442129e+03 1.171649e+02 8.793755e+01 2.350788e+02 -1 -1 -1 -1
215 -1 1.407972e+03 1.984858e+02 2.999485e+02 6.882640e+02 -1 -1 -1 -1
215 -1 8.540025e+02 1.431990e+02 1.851498e+02 4.550412e+02 -1 -1 -1 -1
215 -1 1.263633e+03 1.506861e+02 2.282265e+02 3.707152e+02 -1 -1 -1 -1
215 -1 1.422634e+03 1.155579e+02 1.054665e+02 2.091193e+02 -1 -1 -1 -1
216 -1 7.925561e+02 1.577752e+02 2.704820e+02 4.885581e+02 -1 -1 -1 -1
216 -1 1.422029e+03 2.092529e+02 3.172037e+02 6.559165e+02 -1 -1 -1 -1
216 -1 1.257250e+03 1.323138e+02 1.428447e+02 3.738744e+02 -1 -1 -1 -1
216 -1 1.400718e+03 1.179790e+02 1.260599e+02 2.940508e+02 -1 -1 -1 -1
217 -1 1.431536e+03 1.870359e+02 3.444958e+02 6.720250e+02 -1 -1 -1 -1
217 -1 8.558512e+02 1.605202e+02 1.596499e+02 5.120120e+02 -1 -1 -1 -1
217 -1 1.185001e+03 1.313316e+02 1.502694e+02 3.666312e+02 -1 -1 -1 -1
217 -1 1.403341e+03 1.153354e+02 1.218416e+02 2.932855e+02 -1 -1 -1 -1
217 -1 1.555402e+03 2.379605e+02 8.447708e+01 6.968817e+01 -1 -1 -1 -1
218 -1 8.213948e+02 1.626992e+02 2.051867e+02 5.049587e+02 -1 -1 -1 -1
218 -1 1.142385e+03 1.379965e+02 1.743537e+02 3.616890e+02 -1 -1 -1 -1
218 -1 1.460223e+03 1.758869e+02 3.360244e+02 6.387216e+02 -1 -1 -1 -1
218 -1 1.404380e+03 1.171385e+02 1.230846e+02 2.936916e+02 -1 -1 -1 -1
218 -1 1.542719e+03 2.221957e+02 9.582504e+01 9.949875e+01 -1 -1 -1 -1
219 -1 7.582586e+02 1.810080e+02 3.424564e+02 5.365116e+02 -1 -1 -1 -1
219 -1 1.144424e+03 1.326110e+02 1.190387e+02 3.576187e+02 -1 -1 -1 -1
219 -1 1.499640e+03 1.719438e+02 3.139549e+02 6.429274e+02 -1 -1 -1 -1
219 -1 1.401026e+03 1.191981e+02 1.230846e+02 2.903158e+02 -1 -1 -1 -1
220 -1 8.086356e+02 1.970480e+02 2.005560e+02 5.706661e+02 -1 -1 -1 -1
220 -1 1.049274e+03 1.405855e+02 1.538466e+02 3.571301e+02 -1 -1 -1 -1
220 -1 1.483051e+03 1.597514e+02 3.148759e+02 6.394420e+02 -1 -1 -1 -1
220 -1 1.395734e+03 1.203637e+02 1.297652e+02 2.922515e+02 -1 -1 -1 -1
220 -1 1.505658e+03 1.368405e+02 9.503128e+01 2.472623e+02 -1 -1 -1 -1
221 -1 7.667635e+02 2.028832e+02 2.697042e+02 5.658231e+02 -1 -1 -1 -1
221 -1 1.055667e+03 1.415545e+02 1.374609e+02 3.515727e+02 -1 -1 -1 -1
221 -1 1.481460e+03 1.615775e+02 2.953301e+02 5.656221e+02 -1 -1 -1 -1
221 -1 1.398778e+03 1.174060e+02 1.311472e+02 2.924141e+02 -1 -1 -1 -1
221 -1 1.492318e+03 1.285924e+02 9.020531e+01 2.559028e+02 -1 -1 -1 -1
221 -1 1.468225e+03 1.242447e+02 1.217738e+02 3.245556e+02 -1 -1 -1 -1
222 -1 8.283558e+02 2.171394e+02 2.180999e+02 5.868782e+02 -1 -1 -1 -1
222 -1 1.492360e+03 1.508823e+02 2.520087e+02 5.670782e+02 -1 -1 -1 -1
222 -1 1.012818e+03 1.353622e+02 1.261366e+02 3.628474e+02 -1 -1 -1 -1
222 -1 1.392094e+03 1.141454e+02 1.605677e+02 3.441571e+02 -1 -1 -1 -1
223 -1 8.871447e+02 2.080135e+02 1.879269e+02 6.188018e+02 -1 -1 -1 -1
223 -1 1.473846e+03 1.442351e+02 2.457660e+02 5.683048e+02 -1 -1 -1 -1
223 -1 1.371895e+03 1.217521e+02 1.525992e+02 3.310466e+02 -1 -1 -1 -1
223 -1 1.009714e+03 1.433323e+02 9.755997e+01 3.487793e+02 -1 -1 -1 -1
224 -1 9.584857e+02 2.112001e+02 1.566044e+02 6.542340e+02 -1 -1 -1 -1
224 -1 1.456991e+03 1.242349e+02 2.282414e+02 5.259950e+02 -1 -1 -1 -1
224 -1 1.372092e+03 1.288448e+02 1.148540e+02 3.173493e+02 -1 -1 -1 -1
224 -1 9.536714e+02 1.391351e+02 1.268497e+02 2.543085e+02 -1 -1 -1 -1
224 -1 1.469152e+03 1.305803e+02 5.746307e+01 2.249587e+02 -1 -1 -1 -1
224 -1 1.452586e+03 1.263756e+02 6.007828e+01 2.596324e+02 -1 -1 -1 -1
224 -1 1.406894e+03 1.218334e+02 1.062609e+02 3.126536e+02 -1 -1 -1 -1
224 -1 9.501679e+02 1.563698e+02 1.411031e+02 4.190387e+02 -1 -1 -1 -1
225 -1 9.561382e+02 2.353644e+02 2.479211e+02 6.635405e+02 -1 -1 -1 -1
225 -1 1.425868e+03 1.336655e+02 2.308557e+02 4.965366e+02 -1 -1 -1 -1
225 -1 9.216397e+02 1.421088e+02 1.205388e+02 3.888159e+02 -1 -1 -1 -1
225 -1 1.352164e+03 1.321134e+02 1.179494e+02 3.099317e+02 -1 -1 -1 -1
225 -1 1.432248e+03 1.221350e+02 1.011047e+02 3.038071e+02 -1 -1 -1 -1
226 -1 9.683885e+02 2.486034e+02 2.817737e+02 6.486364e+02 -1 -1 -1 -1
226 -1 1.351867e+03 1.164147e+02 2.547610e+02 5.121451e+02 -1 -1 -1 -1
226 -1 8.872579e+02 1.544441e+02 1.330001e+02 3.988363e+02 -1 -1 -1 -1
226 -1 1.342142e+03 1.309143e+02 9.551559e+01 2.889431e+02 -1 -1 -1 -1
226 -1 1.434110e+03 1.138785e+02 7.288811e+01 1.797897e+02 -1 -1 -1 -1
226 -1 1.402994e+03 1.186549e+02 1.010866e+02 2.953859e+02 -1 -1 -1 -1
227 -1 8.613068e+02 1.494926e+02 1.242033e+02 4.149731e+02 -1 -1 -1 -1
227 -1 1.352132e+03 1.230494e+02 1.879445e+02 4.735577e+02 -1 -1 -1 -1
227 -1 1.118685e+03 2.563021e+02 2.343359e+02 6.589416e+02 -1 -1 -1 -1
227 -1 1.326748e+03 1.213137e+02 8.940079e+01 2.888916e+02 -1 -1 -1 -1
228 -1 1.138789e+03 2.595836e+02 2.917621e+02 6.519557e+02 -1 -1 -1 -1
228 -1 8.309418e+02 1.633423e+02 1.334258e+02 4.199137e+02 -1 -1 -1 -1
228 -1 1.360464e+03 1.122592e+02 1.585510e+02 4.742706e+02 -1 -1 -1 -1
228 -1 1.467698e+03 1.214296e+02 5.922501e+01 1.003539e+02 -1 -1 -1 -1
228 -1 1.299328e+03 1.152840e+02 1.124803e+02 1.536776e+02 -1 -1 -1 -1
229 -1 1.164379e+03 2.424109e+02 2.716081e+02 6.669432e+02 -1 -1 -1 -1
229 -1 8.076645e+02 1.637954e+02 1.370526e+02 4.460463e+02 -1 -1 -1 -1
229 -1 1.361796e+03 1.221457e+02 1.311461e+02 2.725477e+02 -1 -1 -1 -1
229 -1 1.452573e+03 1.235694e+02 7.285561e+01 2.482406e+02 -1 -1 -1 -1
229 -1 1.302441e+03 1.106172e+02 1.587680e+02 2.608280e+02 -1 -1 -1 -1
229 -1 1.455935e+03 1.199961e+02 7.237267e+01 1.552422e+02 -1 -1 -1 -1
230 -1 7.723739e+02 1.688777e+02 1.696354e+02 4.505003e+02 -1 -1 -1 -1
230 -1 1.262570e+03 2.097379e+02 2.452675e+02 6.783126e+02 -1 -1 -1 -1
230 -1 1.297448e+03 1.063365e+02 1.518102e+02 2.528809e+02 -1 -1 -1 -1
230 -1 1.438629e+03 1.177596e+02 8.390923e+01 2.254298e+02 -1 -1 -1 -1
230 -1 1.450010e+03 1.165178e+02 8.172066e+01 1.636015e+02 -1 -1 -1 -1
231 -1 7.737532e+02 1.831313e+02 1.555425e+02 4.997216e+02 -1 -1 -1 -1
231 -1 1.281874e+03 2.330169e+02 3.236616e+02 6.200579e+02 -1 -1 -1 -1
231 -1 1.252781e+03 1.085735e+02 1.590717e+02 4.264968e+02 -1 -1 -1 -1
231 -1 1.435668e+03 1.198626e+02 9.513016e+01 1.229371e+02 -1 -1 -1 -1
231 -1 1.372138e+03 1.104441e+02 6.939651e+01 2.221750e+02 -1 -1 -1 -1
232 -1 7.891382e+02 1.900680e+02 1.629507e+02 4.923121e+02 -1 -1 -1 -1
232 -1 1.165670e+03 1.105970e+02 2.031532e+02 4.187270e+02 -1 -1 -1 -1
232 -1 1.314045e+03 2.303814e+02 3.289206e+02 6.055022e+02 -1 -1 -1 -1
232 -1 1.429025e+03 1.167655e+02 1.111027e+02 2.607554e+02 -1 -1 -1 -1
232 -1 1.348969e+03 1.143256e+02 1.015855e+02 2.798762e+02 -1 -1 -1 -1
233 -1 1.341431e+03 2.024395e+02 3.995393e+02 6.372858e+02 -1 -1 -1 -1
233 -1 1.156864e+03 1.092640e+02 1.717953e+02 4.126266e+02 -1 -1 -1 -1
233 -1 8.038136e+02 2.082944e+02 1.840223e+02 5.601908e+02 -1 -1 -1 -1
233 -1 1.316615e+03 1.176466e+02 1.324228e+02 2.767513e+02 -1 -1 -1 -1
233 -1 1.389478e+03 1.192476e+02 1.452500e+02 2.894993e+02 -1 -1 -1 -1
234 -1 1.370100e+03 2.031785e+02 3.909469e+02 6.334538e+02 -1 -1 -1 -1
234 -1 8.128468e+02 2.163623e+02 1.743867e+02 5.625527e+02 -1 -1 -1 -1
234 -1 1.122119e+03 1.039617e+02 1.783459e+02 4.039582e+02 -1 -1 -1 -1
234 -1 1.308541e+03 1.168799e+02 1.264664e+02 2.752855e+02 -1 -1 -1 -1
234 -1 1.410678e+03 1.171520e+02 1.316933e+02 2.904892e+02 -1 -1 -1 -1
234 -1 1.349094e+03 1.293713e+02 1.247349e+02 2.791271e+02 -1 -1 -1 -1
235 -1 8.641752e+02 2.359281e+02 1.764891e+02 5.544828e+02 -1 -1 -1 -1
235 -1 1.118076e+03 1.100575e+02 1.646267e+02 3.976335e+02 -1 -1 -1 -1
235 -1 1.457696e+03 2.007398e+02 2.785947e+02 5.830599e+02 -1 -1 -1 -1
235 -1 1.313571e+03 1.140369e+02 1.164141e+02 2.808589e+02 -1 -1 -1 -1
235 -1 1.395956e+03 1.198424e+02 1.339442e+02 2.861819e+02 -1 -1 -1 -1
235 -1 1.360184e+03 1.169675e+02 1.377635e+02 2.913283e+02 -1 -1 -1 -1
236 -1 8.880896e+02 2.483125e+02 2.340232e+02 5.778027e+02 -1 -1 -1 -1
236 -1 1.386460e+03 1.907700e+02 3.865052e+02 5.488983e+02 -1 -1 -1 -1
236 -1 1.123966e+03 1.043501e+02 1.405955e+02 4.017813e+02 -1 -1 -1 -1
236 -1 1.315926e+03 1.145039e+02 1.104353e+02 2.758430e+02 -1 -1 -1 -1
236 -1 1.395541e+03 1.234816e+02 1.358093e+02 2.858579e+02 -1 -1 -1 -1
237 -1 1.114764e+03 1.022480e+02 1.450990e+02 3.750698e+02 -1 -1 -1 -1
237 -1 1.441318e+03 1.901055e+02 3.164294e+02 5.608670e+02 -1 -1 -1 -1
237 -1 9.731778e+02 2.293451e+02 1.691615e+02 6.218348e+02 -1 -1 -1 -1
237 -1 1.307761e+03 1.116277e+02 1.128509e+02 2.783114e+02 -1 -1 -1 -1
237 -1 1.391637e+03 1.179838e+02 1.402906e+02 2.901518e+02 -1 -1 -1 -1
238 -1 1.021509e+03 2.360904e+02 1.837431e+02 6.280717e+02 -1 -1 -1 -1
238 -1 1.502790e+03 1.837375e+02 2.607420e+02 5.380953e+02 -1 -1 -1 -1
238 -1 1.123657e+03 9.955289e+01 1.300003e+02 3.789971e+02 -1 -1 -1 -1
238 -1 1.304590e+03 1.159511e+02 1.182594e+02 2.779931e+02 -1 -1 -1 -1
238 -1 1.387595e+03 1.143794e+02 1.448985e+02 2.961459e+02 -1 -1 -1 -1
239 -1 1.426680e+03 1.660447e+02 3.362466e+02 5.169147e+02 -1 -1 -1 -1
239 -1 1.044851e+03 2.351347e+02 2.611782e+02 6.557949e+02 -1 -1 -1 -1
239 -1 1.124564e+03 9.577736e+01 1.260892e+02 3.636264e+02 -1 -1 -1 -1
239 -1 1.307120e+03 1.115580e+02 1.099532e+02 2.792718e+02 -1 -1 -1 -1
239 -1 1.375779e+03 1.225351e+02 1.332916e+02 2.805403e+02 -1 -1 -1 -1
240 -1 1.432666e+03 1.686771e+02 2.459100e+02 5.149297e+02 -1 -1 -1 -1
240 -1 1.205436e+03 2.596423e+02 2.205338e+02 6.195467e+02 -1 -1 -1 -1
240 -1 1.147343e+03 9.254521e+01 1.109047e+02 3.431038e+02 -1 -1 -1 -1
240 -1 1.380648e+03 1.192043e+02 1.130827e+02 2.883365e+02 -1 -1 -1 -1
240 -1 1.321051e+03 1.121856e+02 8.657295e+01 2.356810e+02 -1 -1 -1 -1
241 -1 1.203335e+03 2.701507e+02 3.045202e+02 6.068179e+02 -1 -1 -1 -1
241 -1 1.157847e+03 9.354633e+01 1.093611e+02 3.530726e+02 -1 -1 -1 -1
241 -1 1.456175e+03 1.573084e+02 1.649767e+02 4.607137e+02 -1 -1 -1 -1
241 -1 1.308254e+03 1.155071e+02 9.322357e+01 2.564160e+02 -1 -1 -1 -1
241 -1 1.407968e+03 1.172362e+02 9.077133e+01 1.774207e+02 -1 -1 -1 -1
242 -1 1.272349e+03 2.507569e+02 2.633984e+02 6.165952e+02 -1 -1 -1 -1
242 -1 1.164041e+03 9.690824e+01 1.195610e+02 3.483814e+02 -1 -1 -1 -1
242 -1 1.305312e+03 1.137017e+02 1.153640e+02 2.764246e+02 -1 -1 -1 -1
242 -1 1.460548e+03 1.515413e+02 1.124668e+02 2.928333e+02 -1 -1 -1 -1
242 -1 1.430994e+03 1.163554e+02 7.233719e+01 1.407251e+02 -1 -1 -1 -1
243 -1 1.364824e+03 2.516437e+02 2.489381e+02 5.933266e+02 -1 -1 -1 -1
243 -1 1.200904e+03 9.259718e+01 1.259111e+02 3.279725e+02 -1 -1 -1 -1
243 -1 1.351224e+03 1.429423e+02 1.633605e+02 4.236149e+02 -1 -1 -1 -1
243 -1 1.302981e+03 1.126237e+02 1.096632e+02 2.793647e+02 -1 -1 -1 -1
243 -1 1.471849e+03 1.189829e+02 5.870018e+01 1.296774e+02 -1 -1 -1 -1
243 -1 1.329342e+03 1.270047e+02 1.456837e+02 3.892004e+02 -1 -1 -1 -1
244 -1 1.454671e+03 2.313370e+02 2.549057e+02 5.626042e+02 -1 -1 -1 -1
244 -1 1.231887e+03 1.405838e+02 1.940428e+02 4.102301e+02 -1 -1 -1 -1
244 -1 1.214129e+03 8.239674e+01 1.384504e+02 3.410874e+02 -1 -1 -1 -1
244 -1 1.386895e+03 1.138461e+02 1.542494e+02 2.987603e+02 -1 -1 -1 -1
245 -1 1.473035e+03 2.283471e+02 2.391687e+02 5.676789e+02 -1 -1 -1 -1
245 -1 1.228608e+03 1.309021e+02 1.499867e+02 4.008934e+02 -1 -1 -1 -1
245 -1 1.392368e+03 1.136009e+02 1.497656e+02 2.930078e+02 -1 -1 -1 -1
245 -1 1.339247e+03 9.915910e+01 9.459595e+01 2.733381e+02 -1 -1 -1 -1
246 -1 1.162833e+03 1.225522e+02 2.144588e+02 4.048301e+02 -1 -1 -1 -1
246 -1 1.473131e+03 2.028286e+02 2.203308e+02 5.853700e+02 -1 -1 -1 -1
246 -1 1.399100e+03 1.069416e+02 1.375452e+02 2.960063e+02 -1 -1 -1 -1
246 -1 1.320795e+03 7.891548e+01 1.000665e+02 2.855128e+02 -1 -1 -1 -1
246 -1 1.313116e+03 7.901488e+01 9.540207e+01 1.563900e+02 -1 -1 -1 -1
247 -1 1.111000e+03 1.331680e+02 1.994689e+02 3.763825e+02 -1 -1 -1 -1
247 -1 1.449036e+03 1.832982e+02 2.038541e+02 5.214327e+02 -1 -1 -1 -1
247 -1 1.276145e+03 9.788251e+01 1.641703e+02 3.281847e+02 -1 -1 -1 -1
247 -1 1.394857e+03 1.175052e+02 1.342989e+02 2.871020e+02 -1 -1 -1 -1
248 -1 1.385028e+03 1.897729e+02 2.171173e+02 4.885848e+02 -1 -1 -1 -1
248 -1 1.139494e+03 1.235415e+02 1.546330e+02 3.718046e+02 -1 -1 -1 -1
248 -1 1.336275e+03 1.019036e+02 1.242730e+02 3.262308e+02 -1 -1 -1 -1
248 -1 1.365437e+03 1.044440e+02 1.277007e+02 3.207187e+02 -1 -1 -1 -1
248 -1 1.419990e+03 1.111895e+02 1.039082e+02 2.873109e+02 -1 -1 -1 -1
249 -1 1.099948e+03 1.171209e+02 1.979945e+02 3.756135e+02 -1 -1 -1 -1
249 -1 1.377971e+03 1.677998e+02 1.863851e+02 4.994130e+02 -1 -1 -1 -1
249 -1 1.377960e+03 8.481670e+01 1.199016e+02 3.431717e+02 -1 -1 -1 -1
249 -1 1.318834e+03 1.085835e+02 9.662910e+01 2.866596e+02 -1 -1 -1 -1
249 -1 1.359799e+03 1.067272e+02 1.002228e+02 3.152978e+02 -1 -1 -1 -1
249 -1 1.381057e+03 1.250654e+02 1.683566e+02 3.520430e+02 -1 -1 -1 -1
250 -1 1.104521e+03 1.139786e+02 2.047488e+02 3.725183e+02 -1 -1 -1 -1
250 -1 1.360732e+03 1.688615e+02 1.738740e+02 4.504763e+02 -1 -1 -1 -1
250 -1 1.307337e+03 1.116574e+02 1.103551e+02 2.803309e+02 -1 -1 -1 -1
250 -1 1.415432e+03 8.678442e+01 1.229409e+02 1.492196e+02 -1 -1 -1 -1
251 -1 1.154739e+03 1.086565e+02 1.246067e+02 3.519358e+02 -1 -1 -1 -1
251 -1 1.266077e+03 1.712048e+02 2.454286e+02 4.473085e+02 -1 -1 -1 -1
251 -1 1.459650e+03 8.437690e+01 1.178572e+02 3.554510e+02 -1 -1 -1 -1
251 -1 1.305704e+03 1.051571e+02 1.096735e+02 2.825967e+02 -1 -1 -1 -1
252 -1 1.160197e+03 1.146960e+02 1.216411e+02 3.453008e+02 -1 -1 -1 -1
252 -1 1.252812e+03 1.789406e+02 2.395892e+02 4.331722e+02 -1 -1 -1 -1
252 -1 1.466303e+03 8.876428e+01 1.353683e+02 3.200057e+02 -1 -1 -1 -1
252 -1 1.333259e+03 1.164433e+02 8.259453e+01 1.671674e+02 -1 -1 -1 -1
253 -1 1.468015e+03 8.895275e+01 1.818551e+02 3.764967e+02 -1 -1 -1 -1
253 -1 1.242335e+03 1.682506e+02 1.518338e+02 4.116603e+02 -1 -1 -1 -1
253 -1 1.166869e+03 1.105920e+02 1.537251e+02 3.316726e+02 -1 -1 -1 -1
253 -1 1.411512e+03 1.184816e+02 1.028046e+02 2.866003e+02 -1 -1 -1 -1
253 -1 1.210944e+03 1.467838e+02 1.563927e+02 3.925976e+02 -1 -1 -1 -1
253 -1 1.389821e+03 1.196260e+02 8.857269e+01 2.748613e+02 -1 -1 -1 -1
253 -1 1.352853e+03 1.104581e+02 7.187347e+01 2.735454e+02 -1 -1 -1 -1
254 -1 1.508894e+03 1.076886e+02 1.726703e+02 3.694399e+02 -1 -1 -1 -1
254 -1 1.204515e+03 1.734615e+02 1.698161e+02 3.953427e+02 -1 -1 -1 -1
254 -1 1.412923e+03 1.146801e+02 1.013223e+02 2.958182e+02 -1 -1 -1 -1
254 -1 1.388686e+03 1.216535e+02 9.258316e+01 2.799729e+02 -1 -1 -1 -1
254 -1 1.343859e+03 1.082669e+02 8.508430e+01 2.759804e+02 -1 -1 -1 -1
254 -1 1.252136e+03 1.011198e+02 8.942001e+01 1.492007e+02 -1 -1 -1 -1
255 -1 1.190686e+03 1.539003e+02 1.546573e+02 4.072118e+02 -1 -1 -1 -1
255 -1 1.525639e+03 1.354697e+02 1.694762e+02 3.486393e+02 -1 -1 -1 -1
255 -1 1.409363e+03 1.110338e+02 1.021685e+02 2.980270e+02 -1 -1 -1 -1
255 -1 1.330225e+03 1.121901e+02 9.995293e+01 2.775625e+02 -1 -1 -1 -1
255 -1 1.306243e+03 1.147620e+02 9.535950e+01 2.793380e+02 -1 -1 -1 -1
256 -1 1.167361e+03 1.377368e+02 1.509327e+02 3.948333e+02 -1 -1 -1 -1
256 -1 1.535053e+03 2.127663e+02 1.886435e+02 2.827610e+02 -1 -1 -1 -1
256 -1 1.284345e+03 1.072803e+02 1.331907e+02 3.192590e+02 -1 -1 -1 -1
256 -1 1.401567e+03 1.151005e+02 1.034033e+02 2.915926e+02 -1 -1 -1 -1
257 -1 1.152311e+03 1.369618e+02 1.361076e+02 3.761661e+02 -1 -1 -1 -1
257 -1 1.301104e+03 1.141672e+02 1.456192e+02 3.279749e+02 -1 -1 -1 -1
257 -1 1.558664e+03 2.319510e+02 1.896126e+02 2.540163e+02 -1 -1 -1 -1
257 -1 1.422718e+03 1.146428e+02 8.493324e+01 2.910502e+02 -1 -1 -1 -1
258 -1 1.157942e+03 1.307618e+02 1.184933e+02 3.501179e+02 -1 -1 -1 -1
258 -1 1.325404e+03 1.130033e+02 1.692405e+02 3.296202e+02 -1 -1 -1 -1
258 -1 1.582128e+03 2.223914e+02 1.642328e+02 2.632551e+02 -1 -1 -1 -1
258 -1 1.378829e+03 1.098396e+02 1.280230e+02 3.110294e+02 -1 -1 -1 -1
259 -1 1.173981e+03 1.265537e+02 1.051007e+02 3.450672e+02 -1 -1 -1 -1
259 -1 1.380060e+03 1.103427e+02 1.369416e+02 3.419967e+02 -1 -1 -1 -1
259 -1 1.582641e+03 2.183554e+02 1.514587e+02 2.676650e+02 -1 -1 -1 -1
259 -1 1.303394e+03 1.104273e+02 1.132784e+02 2.804792e+02 -1 -1 -1 -1
260 -1 1.181361e+03 1.238568e+02 1.052380e+02 3.336184e+02 -1 -1 -1 -1
260 -1 1.392754e+03 1.066580e+02 1.829752e+02 3.450236e+02 -1 -1 -1 -1
260 -1 1.304207e+03 1.134125e+02 1.102263e+02 2.802672e+02 -1 -1 -1 -1
260 -1 1.587537e+03 2.168106e+02 1.510957e+02 2.671173e+02 -1 -1 -1 -1
260 -1 1.406228e+03 1.214729e+02 7.994980e+01 2.671174e+02 -1 -1 -1 -1
261 -1 1.198290e+03 1.197724e+02 1.235996e+02 3.237651e+02 -1 -1 -1 -1
261 -1 1.460144e+03 1.082543e+02 1.421658e+02 3.458229e+02 -1 -1 -1 -1
261 -1 1.586240e+03 2.211322e+02 1.499721e+02 2.681493e+02 -1 -1 -1 -1
261 -1 1.309675e+03 1.137539e+02 9.504936e+01 2.767457e+02 -1 -1 -1 -1
261 -1 1.399174e+03 1.164817e+02 9.778015e+01 2.909800e+02 -1 -1 -1 -1
261 -1 1.430083e+03 1.035051e+02 1.209986e+02 3.384857e+02 -1 -1 -1 -1
