1 -1 5.533177e+02 9.770869e+01 1.592636e+02 4.084742e+02 -1 -1 -1 -1
1 -1 7.277779e+02 1.039228e+02 9.464687e+01 2.897154e+02 -1 -1 -1 -1
2 -1 5.578948e+02 9.983865e+01 1.560316e+02 4.243643e+02 -1 -1 -1 -1
2 -1 7.218325e+02 1.094993e+02 1.010349e+02 2.841732e+02 -1 -1 -1 -1
2 -1 7.824834e+02 1.515972e+02 5.244255e+01 2.238470e+02 -1 -1 -1 -1
3 -1 5.637579e+02 1.036227e+02 1.497474e+02 4.048910e+02 -1 -1 -1 -1
3 -1 7.087182e+02 1.151251e+02 1.030901e+02 2.855597e+02 -1 -1 -1 -1
4 -1 5.715051e+02 1.056742e+02 1.662169e+02 4.545953e+02 -1 -1 -1 -1
4 -1 6.837150e+02 1.171442e+02 1.161192e+02 2.870494e+02 -1 -1 -1 -1
5 -1 5.872254e+02 1.166235e+02 1.756478e+02 4.426420e+02 -1 -1 -1 -1
5 -1 5.715067e+02 1.025946e+02 8.224628e+01 2.761763e+02 -1 -1 -1 -1
5 -1 6.775460e+02 1.126530e+02 9.441021e+01 3.307334e+02 -1 -1 -1 -1
5 -1 5.705160e+02 1.016263e+02 8.465950e+01 1.608273e+02 -1 -1 -1 -1
6 -1 6.040819e+02 1.080479e+02 1.680765e+02 4.709169e+02 -1 -1 -1 -1
6 -1 5.669642e+02 1.003235e+02 8.725582e+01 3.244107e+02 -1 -1 -1 -1
7 -1 6.255372e+02 1.166973e+02 1.653854e+02 4.700718e+02 -1 -1 -1 -1
7 -1 5.605706e+02 1.090942e+02 9.156132e+01 3.152034e+02 -1 -1 -1 -1
8 -1 6.451588e+02 1.119682e+02 1.729658e+02 4.711146e+02 -1 -1 -1 -1
8 -1 5.611385e+02 1.121739e+02 9.998199e+01 3.258203e+02 -1 -1 -1 -1
8 -1 6.263186e+02 1.143405e+02 7.722073e+01 2.677001e+02 -1 -1 -1 -1
9 -1 6.954263e+02 1.148727e+02 1.990909e+02 4.754038e+02 -1 -1 -1 -1
9 -1 6.105424e+02 1.201955e+02 1.105689e+02 3.257949e+02 -1 -1 -1 -1
9 -1 5.535061e+02 1.016548e+02 8.309040e+01 3.112935e+02 -1 -1 -1 -1
10 -1 7.188487e+02 1.279977e+02 1.857836e+02 4.662371e+02 -1 -1 -1 -1
10 -1 5.995340e+02 1.278320e+02 1.315197e+02 3.401460e+02 -1 -1 -1 -1
10 -1 5.489741e+02 1.036987e+02 7.435295e+01 3.224734e+02 -1 -1 -1 -1
11 -1 5.797889e+02 1.281847e+02 1.440134e+02 3.426104e+02 -1 -1 -1 -1
11 -1 7.696379e+02 1.019377e+02 1.456546e+02 4.861157e+02 -1 -1 -1 -1
11 -1 5.629183e+02 1.117217e+02 6.179455e+01 1.658430e+02 -1 -1 -1 -1
11 -1 5.567689e+02 1.090520e+02 5.980202e+01 2.373561e+02 -1 -1 -1 -1
12 -1 7.892455e+02 1.155958e+02 1.583493e+02 4.830295e+02 -1 -1 -1 -1
12 -1 5.683300e+02 1.122380e+02 1.427311e+02 3.677342e+02 -1 -1 -1 -1
12 -1 8.048230e+02 1.219291e+02 8.711082e+01 1.222685e+02 -1 -1 -1 -1
13 -1 8.240650e+02 1.280698e+02 2.199755e+02 4.575497e+02 -1 -1 -1 -1
13 -1 5.603210e+02 1.231730e+02 1.487495e+02 3.872662e+02 -1 -1 -1 -1
13 -1 6.033957e+02 1.047385e+02 1.091270e+02 2.196641e+02 -1 -1 -1 -1
13 -1 5.964856e+02 1.044711e+02 1.275520e+02 3.376772e+02 -1 -1 -1 -1
14 -1 8.582743e+02 1.226533e+02 1.930639e+02 4.643581e+02 -1 -1 -1 -1
14 -1 5.637175e+02 1.245367e+02 1.557681e+02 3.824588e+02 -1 -1 -1 -1
15 -1 9.041765e+02 1.162724e+02 1.942919e+02 4.603847e+02 -1 -1 -1 -1
15 -1 5.629738e+02 1.287693e+02 1.495291e+02 3.924651e+02 -1 -1 -1 -1
15 -1 5.896652e+02 1.164165e+02 1.427747e+02 3.101771e+02 -1 -1 -1 -1
16 -1 9.361461e+02 1.048858e+02 1.960328e+02 4.683513e+02 -1 -1 -1 -1
16 -1 5.495562e+02 1.348501e+02 1.544120e+02 4.091849e+02 -1 -1 -1 -1
16 -1 5.777503e+02 1.228271e+02 1.343309e+02 3.268377e+02 -1 -1 -1 -1
16 -1 5.850653e+02 1.143128e+02 1.273359e+02 2.086271e+02 -1 -1 -1 -1
17 -1 9.361927e+02 1.093943e+02 1.706390e+02 4.658223e+02 -1 -1 -1 -1
17 -1 5.363139e+02 1.339206e+02 1.689935e+02 4.242879e+02 -1 -1 -1 -1
17 -1 5.680742e+02 1.178233e+02 1.396265e+02 2.654263e+02 -1 -1 -1 -1
18 -1 9.364662e+02 1.033516e+02 1.554070e+02 4.505803e+02 -1 -1 -1 -1
18 -1 5.364831e+02 1.506013e+02 1.682560e+02 4.220775e+02 -1 -1 -1 -1
18 -1 5.616252e+02 1.180247e+02 1.405571e+02 3.153609e+02 -1 -1 -1 -1
19 -1 9.351676e+02 1.084293e+02 1.608247e+02 4.344967e+02 -1 -1 -1 -1
19 -1 5.487924e+02 1.357020e+02 1.599245e+02 4.351907e+02 -1 -1 -1 -1
20 -1 9.437093e+02 1.745151e+02 1.599010e+02 3.592401e+02 -1 -1 -1 -1
20 -1 5.505302e+02 1.448234e+02 1.576315e+02 4.453750e+02 -1 -1 -1 -1
20 -1 6.067863e+02 1.237178e+02 1.198328e+02 3.217439e+02 -1 -1 -1 -1
21 -1 9.641045e+02 2.002649e+02 1.639462e+02 3.337117e+02 -1 -1 -1 -1
21 -1 5.457612e+02 1.549064e+02 1.566193e+02 4.526910e+02 -1 -1 -1 -1
21 -1 6.102755e+02 1.381822e+02 1.302475e+02 3.213848e+02 -1 -1 -1 -1
21 -1 5.815383e+02 1.470522e+02 1.424606e+02 3.743989e+02 -1 -1 -1 -1
22 -1 9.319772e+02 4.906194e+01 2.050253e+02 4.483128e+02 -1 -1 -1 -1
22 -1 5.280848e+02 1.624028e+02 1.809396e+02 4.406997e+02 -1 -1 -1 -1
22 -1 6.161220e+02 1.450738e+02 1.307475e+02 3.658577e+02 -1 -1 -1 -1
23 -1 9.577616e+02 7.087426e+00 1.596935e+02 4.291647e+02 -1 -1 -1 -1
23 -1 6.337115e+02 1.614693e+02 1.832038e+02 4.104030e+02 -1 -1 -1 -1
23 -1 5.274176e+02 1.711470e+02 1.895254e+02 4.432874e+02 -1 -1 -1 -1
24 -1 9.496937e+02 1.584119e+01 1.637164e+02 4.549706e+02 -1 -1 -1 -1
24 -1 5.367632e+02 1.696910e+02 1.734764e+02 4.439960e+02 -1 -1 -1 -1
24 -1 6.786730e+02 1.597709e+02 1.592196e+02 4.199569e+02 -1 -1 -1 -1
25 -1 6.989878e+02 1.480944e+02 1.886706e+02 4.611434e+02 -1 -1 -1 -1
25 -1 9.484105e+02 1.553634e+02 1.543710e+02 3.819263e+02 -1 -1 -1 -1
25 -1 5.457202e+02 1.664360e+02 1.696128e+02 4.516985e+02 -1 -1 -1 -1
26 -1 6.864911e+02 1.720272e+02 2.691277e+02 4.793922e+02 -1 -1 -1 -1
26 -1 5.437099e+02 1.714745e+02 1.663065e+02 4.664152e+02 -1 -1 -1 -1
26 -1 9.561287e+02 1.297657e+02 1.512172e+02 3.950175e+02 -1 -1 -1 -1
27 -1 7.696880e+02 1.686672e+02 1.769829e+02 4.856516e+02 -1 -1 -1 -1
27 -1 5.292887e+02 1.828545e+02 1.873723e+02 4.561694e+02 -1 -1 -1 -1
27 -1 9.408487e+02 8.280519e+01 1.692535e+02 4.562781e+02 -1 -1 -1 -1
28 -1 8.168888e+02 1.891766e+02 2.018493e+02 4.788098e+02 -1 -1 -1 -1
28 -1 5.187136e+02 1.859823e+02 1.981908e+02 4.613256e+02 -1 -1 -1 -1
28 -1 9.539871e+02 9.444242e+01 1.599165e+02 4.409129e+02 -1 -1 -1 -1
29 -1 8.924934e+02 2.172653e+02 2.008218e+02 4.584756e+02 -1 -1 -1 -1
29 -1 5.427672e+02 1.870135e+02 1.755012e+02 4.673215e+02 -1 -1 -1 -1
29 -1 1.017322e+03 2.013862e+02 1.012058e+02 3.381720e+02 -1 -1 -1 -1
29 -1 9.711322e+02 2.021874e+02 1.355516e+02 4.144066e+02 -1 -1 -1 -1
30 -1 5.484649e+02 1.891178e+02 1.733905e+02 4.684595e+02 -1 -1 -1 -1
30 -1 9.524221e+02 2.203373e+02 1.810821e+02 4.841481e+02 -1 -1 -1 -1
30 -1 9.706900e+02 1.913121e+02 9.880188e+01 1.703799e+02 -1 -1 -1 -1
31 -1 5.411085e+02 1.902462e+02 1.922080e+02 4.862185e+02 -1 -1 -1 -1
31 -1 9.777335e+02 3.537343e+02 2.609892e+02 3.607508e+02 -1 -1 -1 -1
31 -1 9.579026e+02 1.750362e+01 1.644084e+02 4.580226e+02 -1 -1 -1 -1
32 -1 9.464953e+02 3.593364e+00 1.697935e+02 4.408794e+02 -1 -1 -1 -1
32 -1 5.331892e+02 1.915402e+02 2.014023e+02 4.846092e+02 -1 -1 -1 -1
32 -1 9.607521e+02 4.531058e+02 3.648997e+02 2.747737e+02 -1 -1 -1 -1
33 -1 5.358901e+02 1.987681e+02 2.099161e+02 5.027876e+02 -1 -1 -1 -1
33 -1 9.298922e+02 6.970480e+01 1.821707e+02 4.467848e+02 -1 -1 -1 -1
33 -1 1.043296e+03 3.271501e+02 4.138360e+02 4.332635e+02 -1 -1 -1 -1
34 -1 5.572598e+02 2.044925e+02 1.996585e+02 4.885331e+02 -1 -1 -1 -1
34 -1 9.554783e+02 1.421240e+02 1.468717e+02 3.936329e+02 -1 -1 -1 -1
34 -1 1.210493e+03 4.806641e+02 3.899906e+02 3.525233e+02 -1 -1 -1 -1
35 -1 5.586855e+02 2.125749e+02 2.117920e+02 5.040662e+02 -1 -1 -1 -1
35 -1 9.522247e+02 8.095178e+01 1.547117e+02 4.493489e+02 -1 -1 -1 -1
35 -1 1.205974e+03 4.295935e+02 3.867906e+02 4.320482e+02 -1 -1 -1 -1
36 -1 5.413451e+02 2.148460e+02 2.212878e+02 5.464411e+02 -1 -1 -1 -1
36 -1 9.473844e+02 9.677934e+01 1.618786e+02 4.354696e+02 -1 -1 -1 -1
36 -1 1.153397e+03 5.133727e+02 3.841475e+02 2.836616e+02 -1 -1 -1 -1
37 -1 5.210317e+02 2.272989e+02 2.270996e+02 5.506192e+02 -1 -1 -1 -1
37 -1 9.496269e+02 2.055479e+02 1.641041e+02 3.273027e+02 -1 -1 -1 -1
37 -1 1.096725e+03 5.174474e+02 2.982168e+02 2.574313e+02 -1 -1 -1 -1
38 -1 9.775944e+02 4.823968e+02 3.505508e+02 2.984937e+02 -1 -1 -1 -1
38 -1 9.547713e+02 1.664182e+02 1.629881e+02 3.656988e+02 -1 -1 -1 -1
38 -1 5.235857e+02 2.182519e+02 2.093950e+02 5.644932e+02 -1 -1 -1 -1
39 -1 9.337010e+02 4.589675e+02 3.132832e+02 3.102269e+02 -1 -1 -1 -1
39 -1 5.263523e+02 2.263224e+02 2.166262e+02 5.714437e+02 -1 -1 -1 -1
39 -1 9.575078e+02 6.542110e+00 1.606017e+02 4.565754e+02 -1 -1 -1 -1
40 -1 8.638279e+02 4.451947e+02 3.294008e+02 3.229470e+02 -1 -1 -1 -1
40 -1 5.151561e+02 2.396188e+02 2.264185e+02 6.193699e+02 -1 -1 -1 -1
40 -1 9.479283e+02 8.342749e+00 1.710812e+02 4.431457e+02 -1 -1 -1 -1
41 -1 4.932393e+02 2.502732e+02 2.508084e+02 6.215297e+02 -1 -1 -1 -1
41 -1 9.496726e+02 3.899535e+02 2.038342e+02 3.754774e+02 -1 -1 -1 -1
41 -1 9.523295e+02 1.207743e+02 1.664204e+02 4.088380e+02 -1 -1 -1 -1
42 -1 8.933173e+02 2.958121e+02 2.422491e+02 4.728903e+02 -1 -1 -1 -1
42 -1 4.858280e+02 2.588307e+02 2.598130e+02 6.116746e+02 -1 -1 -1 -1
42 -1 9.704995e+02 1.523867e+02 1.422986e+02 2.530140e+02 -1 -1 -1 -1
43 -1 9.159770e+02 2.149594e+02 1.976328e+02 5.545686e+02 -1 -1 -1 -1
43 -1 4.965005e+02 2.699421e+02 2.531134e+02 6.163529e+02 -1 -1 -1 -1
43 -1 9.680729e+02 9.132040e+01 1.434947e+02 2.799100e+02 -1 -1 -1 -1
44 -1 5.054470e+02 2.581420e+02 2.766743e+02 6.300316e+02 -1 -1 -1 -1
44 -1 8.700971e+02 2.499962e+02 2.303288e+02 5.243857e+02 -1 -1 -1 -1
44 -1 9.420276e+02 7.801929e+01 1.765573e+02 3.152190e+02 -1 -1 -1 -1
45 -1 5.129228e+02 2.789099e+02 2.708055e+02 6.278224e+02 -1 -1 -1 -1
45 -1 8.773581e+02 4.532927e+02 2.548029e+02 3.372261e+02 -1 -1 -1 -1
45 -1 9.578210e+02 1.132648e+02 1.620895e+02 3.915729e+02 -1 -1 -1 -1
46 -1 5.165422e+02 2.889449e+02 2.524476e+02 6.145785e+02 -1 -1 -1 -1
46 -1 9.348592e+02 4.772211e+02 2.504089e+02 3.552343e+02 -1 -1 -1 -1
46 -1 9.543390e+02 1.188457e+02 1.686571e+02 4.026756e+02 -1 -1 -1 -1
47 -1 1.013592e+03 1.228486e+02 1.537587e+02 3.803484e+02 -1 -1 -1 -1
47 -1 5.273454e+02 2.844981e+02 2.086227e+02 6.000928e+02 -1 -1 -1 -1
47 -1 1.139722e+03 5.486998e+02 2.417230e+02 2.572041e+02 -1 -1 -1 -1
47 -1 1.011879e+03 5.056226e+02 3.471011e+02 2.956969e+02 -1 -1 -1 -1
48 -1 1.121873e+03 4.517845e+02 3.502821e+02 4.774761e+02 -1 -1 -1 -1
48 -1 1.047730e+03 9.977238e+01 1.332763e+02 4.172037e+02 -1 -1 -1 -1
48 -1 5.211003e+02 2.686602e+02 2.010710e+02 6.518482e+02 -1 -1 -1 -1
49 -1 1.127915e+03 4.277245e+02 4.146158e+02 4.983590e+02 -1 -1 -1 -1
49 -1 5.131906e+02 2.714153e+02 2.240257e+02 6.456645e+02 -1 -1 -1 -1
49 -1 1.057141e+03 1.061054e+02 1.128111e+02 4.011360e+02 -1 -1 -1 -1
50 -1 1.022856e+03 1.003441e+02 1.781010e+02 3.900243e+02 -1 -1 -1 -1
50 -1 5.156573e+02 2.722263e+02 2.075241e+02 6.526751e+02 -1 -1 -1 -1
50 -1 1.103771e+03 3.903414e+02 3.810480e+02 5.122286e+02 -1 -1 -1 -1
50 -1 9.177723e+02 1.812802e+02 1.024759e+02 1.924879e+02 -1 -1 -1 -1
51 -1 1.005932e+03 9.831300e+01 1.721949e+02 4.065714e+02 -1 -1 -1 -1
51 -1 5.197072e+02 2.644008e+02 1.995312e+02 6.696345e+02 -1 -1 -1 -1
51 -1 9.669593e+02 5.438448e+02 4.062092e+02 2.899714e+02 -1 -1 -1 -1
51 -1 1.113498e+03 5.733342e+02 2.688611e+02 2.607726e+02 -1 -1 -1 -1
51 -1 9.218991e+02 1.851638e+02 8.671331e+01 1.823732e+02 -1 -1 -1 -1
51 -1 1.208376e+03 5.845170e+02 6.436844e+01 8.679041e+01 -1 -1 -1 -1
52 -1 1.002810e+03 1.200470e+02 1.430134e+02 3.795115e+02 -1 -1 -1 -1
52 -1 5.070672e+02 2.747774e+02 2.138813e+02 6.146865e+02 -1 -1 -1 -1
52 -1 8.432686e+02 5.087897e+02 4.458127e+02 2.788001e+02 -1 -1 -1 -1
53 -1 8.521536e+02 4.799976e+02 3.422928e+02 3.120604e+02 -1 -1 -1 -1
53 -1 5.164504e+02 2.853240e+02 2.055830e+02 6.373889e+02 -1 -1 -1 -1
53 -1 9.874158e+02 1.503360e+02 1.577717e+02 3.459524e+02 -1 -1 -1 -1
54 -1 8.179435e+02 4.940696e+02 3.279222e+02 2.935266e+02 -1 -1 -1 -1
54 -1 5.067034e+02 2.794923e+02 2.302805e+02 6.524239e+02 -1 -1 -1 -1
54 -1 9.694753e+02 1.963850e+02 1.863835e+02 3.132529e+02 -1 -1 -1 -1
55 -1 7.759226e+02 4.870544e+02 3.447494e+02 2.921603e+02 -1 -1 -1 -1
55 -1 4.958775e+02 2.895155e+02 2.212579e+02 6.631358e+02 -1 -1 -1 -1
55 -1 9.599504e+02 2.106947e+02 1.885336e+02 3.010394e+02 -1 -1 -1 -1
56 -1 7.774670e+02 4.433657e+02 2.977396e+02 3.389493e+02 -1 -1 -1 -1
56 -1 4.806638e+02 2.996489e+02 2.313102e+02 6.348696e+02 -1 -1 -1 -1
56 -1 8.991548e+02 2.251408e+02 2.557081e+02 2.940307e+02 -1 -1 -1 -1
57 -1 8.069170e+02 3.277873e+02 2.244325e+02 4.651341e+02 -1 -1 -1 -1
57 -1 4.734176e+02 3.072270e+02 2.385382e+02 6.493741e+02 -1 -1 -1 -1
57 -1 8.848243e+02 2.006087e+02 2.650200e+02 2.957511e+02 -1 -1 -1 -1
58 -1 7.939124e+02 3.021106e+02 3.081632e+02 4.854842e+02 -1 -1 -1 -1
58 -1 4.846047e+02 2.904555e+02 2.179337e+02 6.715550e+02 -1 -1 -1 -1
58 -1 7.987737e+02 3.048960e+02 2.953542e+02 2.680179e+02 -1 -1 -1 -1
59 -1 8.062097e+02 3.536117e+02 2.524451e+02 4.338859e+02 -1 -1 -1 -1
59 -1 4.924501e+02 3.044971e+02 2.039073e+02 6.326552e+02 -1 -1 -1 -1
59 -1 7.556914e+02 4.115479e+02 1.729945e+02 1.230183e+02 -1 -1 -1 -1
60 -1 8.470483e+02 4.568562e+02 3.638866e+02 3.199215e+02 -1 -1 -1 -1
60 -1 4.831836e+02 2.752684e+02 2.132598e+02 6.698537e+02 -1 -1 -1 -1
60 -1 7.493440e+02 4.142467e+02 1.479131e+02 1.366175e+02 -1 -1 -1 -1
61 -1 4.930155e+02 2.670269e+02 2.382035e+02 6.811657e+02 -1 -1 -1 -1
61 -1 7.440492e+02 4.070088e+02 3.049650e+02 1.412682e+02 -1 -1 -1 -1
61 -1 8.913740e+02 5.456655e+02 4.563141e+02 2.412684e+02 -1 -1 -1 -1
61 -1 7.319238e+02 4.123175e+02 1.507562e+02 1.383471e+02 -1 -1 -1 -1
62 -1 5.043693e+02 2.810447e+02 2.283180e+02 6.575777e+02 -1 -1 -1 -1
62 -1 8.760521e+02 6.272026e+02 6.081537e+02 1.520230e+02 -1 -1 -1 -1
62 -1 1.382435e+03 6.362032e+02 8.729073e+01 8.891577e+01 -1 -1 -1 -1
62 -1 7.058102e+02 4.519327e+02 1.622574e+02 1.129103e+02 -1 -1 -1 -1
63 -1 5.099347e+02 2.862302e+02 2.533277e+02 6.457890e+02 -1 -1 -1 -1
63 -1 7.117471e+02 4.273827e+02 1.291069e+02 1.397373e+02 -1 -1 -1 -1
63 -1 9.166336e+02 6.150399e+02 5.962195e+02 1.928602e+02 -1 -1 -1 -1
64 -1 5.081964e+02 2.898896e+02 2.505732e+02 6.447943e+02 -1 -1 -1 -1
64 -1 9.374541e+02 6.635017e+02 5.893252e+02 1.569358e+02 -1 -1 -1 -1
65 -1 4.892243e+02 2.810286e+02 2.644612e+02 6.430854e+02 -1 -1 -1 -1
65 -1 9.292227e+02 6.645957e+02 5.871666e+02 1.553733e+02 -1 -1 -1 -1
66 -1 4.996929e+02 2.683864e+02 2.548022e+02 6.177255e+02 -1 -1 -1 -1
66 -1 9.225452e+02 6.184670e+02 5.333578e+02 1.931793e+02 -1 -1 -1 -1
66 -1 7.172741e+02 4.230710e+02 1.313270e+02 1.406698e+02 -1 -1 -1 -1
66 -1 1.344632e+03 6.142136e+02 9.014809e+01 9.310541e+01 -1 -1 -1 -1
67 -1 5.045980e+02 2.696300e+02 2.541918e+02 6.163087e+02 -1 -1 -1 -1
67 -1 9.465614e+02 5.800420e+02 4.656587e+02 2.230689e+02 -1 -1 -1 -1
68 -1 5.282698e+02 2.667677e+02 2.380140e+02 6.111918e+02 -1 -1 -1 -1
68 -1 9.312696e+02 5.132270e+02 4.401768e+02 2.673326e+02 -1 -1 -1 -1
68 -1 7.304525e+02 4.176869e+02 1.170391e+02 1.464470e+02 -1 -1 -1 -1
68 -1 7.731709e+02 3.862208e+02 3.069196e+02 1.336512e+02 -1 -1 -1 -1
69 -1 5.375647e+02 2.644980e+02 2.272821e+02 6.149626e+02 -1 -1 -1 -1
69 -1 9.419473e+02 4.954458e+02 4.207395e+02 2.782926e+02 -1 -1 -1 -1
69 -1 7.596590e+02 3.672185e+02 1.708035e+02 1.887889e+02 -1 -1 -1 -1
70 -1 5.240895e+02 2.653293e+02 2.380209e+02 6.103956e+02 -1 -1 -1 -1
70 -1 9.307182e+02 4.697538e+02 4.114296e+02 2.908690e+02 -1 -1 -1 -1
70 -1 7.794418e+02 3.650605e+02 1.187078e+02 1.871337e+02 -1 -1 -1 -1
70 -1 7.910702e+02 3.484102e+02 2.325043e+02 1.625231e+02 -1 -1 -1 -1
70 -1 8.431886e+02 3.720212e+02 1.786665e+02 1.142298e+02 -1 -1 -1 -1
71 -1 9.436157e+02 4.091710e+02 2.773539e+02 3.514781e+02 -1 -1 -1 -1
71 -1 5.099533e+02 2.567655e+02 2.391063e+02 6.149831e+02 -1 -1 -1 -1
71 -1 8.020459e+02 3.472568e+02 1.838398e+02 2.016391e+02 -1 -1 -1 -1
71 -1 7.949743e+02 3.518916e+02 1.215831e+02 1.960613e+02 -1 -1 -1 -1
72 -1 5.059439e+02 2.543818e+02 2.496792e+02 6.566896e+02 -1 -1 -1 -1
72 -1 9.512091e+02 3.531604e+02 2.564248e+02 3.921377e+02 -1 -1 -1 -1
72 -1 8.208108e+02 3.459083e+02 2.048860e+02 1.933495e+02 -1 -1 -1 -1
73 -1 9.631392e+02 3.298668e+02 2.254209e+02 4.175292e+02 -1 -1 -1 -1
73 -1 5.051099e+02 2.659248e+02 2.514721e+02 6.630088e+02 -1 -1 -1 -1
73 -1 8.323524e+02 3.318629e+02 2.037304e+02 2.076409e+02 -1 -1 -1 -1
74 -1 9.981834e+02 2.867110e+02 2.857409e+02 4.633318e+02 -1 -1 -1 -1
74 -1 5.205291e+02 2.664048e+02 2.373492e+02 6.583113e+02 -1 -1 -1 -1
74 -1 8.352310e+02 3.190607e+02 2.118261e+02 2.172522e+02 -1 -1 -1 -1
75 -1 1.021674e+03 2.163356e+02 2.363180e+02 4.456358e+02 -1 -1 -1 -1
75 -1 5.283765e+02 2.703130e+02 2.154036e+02 6.497349e+02 -1 -1 -1 -1
75 -1 8.357307e+02 3.284640e+02 1.749013e+02 2.124984e+02 -1 -1 -1 -1
76 -1 1.008892e+03 1.781156e+02 2.223866e+02 4.753387e+02 -1 -1 -1 -1
76 -1 5.346828e+02 2.630782e+02 2.159244e+02 6.563746e+02 -1 -1 -1 -1
76 -1 8.422480e+02 3.267813e+02 1.805388e+02 2.136315e+02 -1 -1 -1 -1
76 -1 8.648058e+02 2.647870e+02 1.888113e+02 2.661202e+02 -1 -1 -1 -1
77 -1 1.038618e+03 1.771670e+02 2.497437e+02 4.651433e+02 -1 -1 -1 -1
77 -1 8.631293e+02 3.069757e+02 2.093713e+02 2.317862e+02 -1 -1 -1 -1
77 -1 5.407801e+02 2.632452e+02 2.025055e+02 6.682066e+02 -1 -1 -1 -1
78 -1 1.068835e+03 2.317519e+02 2.479106e+02 3.956916e+02 -1 -1 -1 -1
78 -1 5.391644e+02 2.868939e+02 1.946869e+02 6.529615e+02 -1 -1 -1 -1
78 -1 8.703228e+02 2.244319e+02 1.661160e+02 2.888525e+02 -1 -1 -1 -1
79 -1 1.062167e+03 2.111042e+02 1.842934e+02 4.109006e+02 -1 -1 -1 -1
79 -1 8.856847e+02 1.937486e+02 1.762955e+02 3.170649e+02 -1 -1 -1 -1
79 -1 5.392505e+02 2.901292e+02 2.044017e+02 6.505730e+02 -1 -1 -1 -1
80 -1 1.016245e+03 7.633362e+01 2.763062e+02 4.995430e+02 -1 -1 -1 -1
80 -1 5.438973e+02 2.965080e+02 2.061298e+02 6.438896e+02 -1 -1 -1 -1
80 -1 8.937164e+02 1.376654e+02 1.826369e+02 3.787938e+02 -1 -1 -1 -1
81 -1 1.135703e+03 6.533497e+01 2.282101e+02 5.093881e+02 -1 -1 -1 -1
81 -1 5.559324e+02 2.884620e+02 2.075953e+02 6.275874e+02 -1 -1 -1 -1
81 -1 9.220132e+02 1.104488e+02 1.128884e+02 4.005172e+02 -1 -1 -1 -1
82 -1 1.126630e+03 1.854946e+02 1.585863e+02 4.267009e+02 -1 -1 -1 -1
82 -1 9.373183e+02 1.125347e+02 1.210552e+02 4.012388e+02 -1 -1 -1 -1
82 -1 5.560246e+02 2.791533e+02 2.067126e+02 6.544651e+02 -1 -1 -1 -1
83 -1 1.099400e+03 1.539424e+02 1.866042e+02 4.573411e+02 -1 -1 -1 -1
83 -1 5.617744e+02 2.837744e+02 2.089041e+02 6.444045e+02 -1 -1 -1 -1
83 -1 9.520005e+02 1.071301e+02 1.327659e+02 3.949824e+02 -1 -1 -1 -1
84 -1 1.083245e+03 1.590239e+02 2.173556e+02 4.604009e+02 -1 -1 -1 -1
84 -1 5.583315e+02 2.829490e+02 2.337169e+02 6.547142e+02 -1 -1 -1 -1
84 -1 9.618272e+02 1.274400e+02 1.559621e+02 3.851753e+02 -1 -1 -1 -1
85 -1 9.602306e+02 1.413271e+02 1.681631e+02 3.740885e+02 -1 -1 -1 -1
85 -1 5.419636e+02 2.910260e+02 2.369016e+02 6.477238e+02 -1 -1 -1 -1
85 -1 1.142549e+03 2.283783e+02 1.521675e+02 3.853335e+02 -1 -1 -1 -1
86 -1 5.334868e+02 2.826480e+02 2.455703e+02 6.604975e+02 -1 -1 -1 -1
86 -1 9.116659e+02 1.739785e+02 2.103234e+02 3.309735e+02 -1 -1 -1 -1
86 -1 1.062738e+03 1.461667e+02 2.081142e+02 4.776521e+02 -1 -1 -1 -1
87 -1 1.157411e+03 2.989188e+01 1.465281e+02 5.118932e+02 -1 -1 -1 -1
87 -1 5.201486e+02 2.752293e+02 2.571857e+02 6.358388e+02 -1 -1 -1 -1
87 -1 8.595867e+02 2.039757e+02 3.044912e+02 2.967709e+02 -1 -1 -1 -1
88 -1 5.275558e+02 2.826077e+02 2.531364e+02 6.457957e+02 -1 -1 -1 -1
88 -1 1.149717e+03 9.781673e+01 1.260397e+02 4.954253e+02 -1 -1 -1 -1
88 -1 8.487393e+02 2.945361e+02 3.015981e+02 2.082573e+02 -1 -1 -1 -1
89 -1 5.434661e+02 2.788261e+02 2.470308e+02 6.514377e+02 -1 -1 -1 -1
89 -1 1.139389e+03 1.601639e+02 1.402869e+02 4.403537e+02 -1 -1 -1 -1
89 -1 8.185553e+02 3.462267e+02 3.221363e+02 1.812131e+02 -1 -1 -1 -1
90 -1 5.364575e+02 2.791817e+02 2.557539e+02 6.502007e+02 -1 -1 -1 -1
90 -1 1.167953e+03 1.467206e+02 1.581129e+02 4.681622e+02 -1 -1 -1 -1
90 -1 7.707645e+02 3.801559e+02 3.292090e+02 1.525079e+02 -1 -1 -1 -1
90 -1 7.612192e+02 3.815035e+02 6.011650e+01 6.230426e+01 -1 -1 -1 -1
91 -1 5.029960e+02 2.845823e+02 2.890256e+02 6.493527e+02 -1 -1 -1 -1
91 -1 1.151442e+03 1.515714e+02 2.060591e+02 4.570292e+02 -1 -1 -1 -1
91 -1 7.202332e+02 3.814843e+02 3.315908e+02 1.634547e+02 -1 -1 -1 -1
92 -1 4.919805e+02 2.787500e+02 2.719382e+02 6.494221e+02 -1 -1 -1 -1
92 -1 1.136990e+03 2.447193e+02 1.494058e+02 3.509956e+02 -1 -1 -1 -1
92 -1 7.374804e+02 3.740425e+02 3.327171e+02 1.734302e+02 -1 -1 -1 -1
93 -1 5.248885e+02 2.851751e+02 2.478813e+02 6.426296e+02 -1 -1 -1 -1
93 -1 1.070967e+03 1.140102e+02 1.789975e+02 4.980421e+02 -1 -1 -1 -1
93 -1 7.568679e+02 3.766778e+02 3.060790e+02 1.521687e+02 -1 -1 -1 -1
94 -1 5.342003e+02 2.782344e+02 2.435655e+02 6.422118e+02 -1 -1 -1 -1
94 -1 1.153262e+03 1.722828e+01 1.146611e+02 5.180876e+02 -1 -1 -1 -1
94 -1 7.515277e+02 4.050939e+02 2.664807e+02 1.302952e+02 -1 -1 -1 -1
94 -1 7.467600e+02 4.009544e+02 6.487690e+01 7.728635e+01 -1 -1 -1 -1
95 -1 5.313175e+02 2.797780e+02 2.421329e+02 6.259753e+02 -1 -1 -1 -1
95 -1 1.151078e+03 6.129968e+01 1.275739e+02 5.049738e+02 -1 -1 -1 -1
95 -1 7.843303e+02 3.750447e+02 2.042975e+02 1.642830e+02 -1 -1 -1 -1
96 -1 1.095851e+03 1.919721e+02 1.684726e+02 4.281452e+02 -1 -1 -1 -1
96 -1 5.116396e+02 2.633979e+02 2.449659e+02 6.447776e+02 -1 -1 -1 -1
96 -1 8.175168e+02 3.443021e+02 1.740748e+02 1.994637e+02 -1 -1 -1 -1
97 -1 4.970308e+02 2.598130e+02 2.620716e+02 6.450616e+02 -1 -1 -1 -1
97 -1 1.104350e+03 1.476123e+02 1.702059e+02 4.774928e+02 -1 -1 -1 -1
97 -1 8.634285e+02 3.377624e+02 2.419526e+02 1.974940e+02 -1 -1 -1 -1
97 -1 8.441484e+02 3.400410e+02 1.543359e+02 1.992858e+02 -1 -1 -1 -1
98 -1 1.110168e+03 1.414489e+02 1.741573e+02 4.877330e+02 -1 -1 -1 -1
98 -1 5.036798e+02 2.706820e+02 2.508305e+02 6.429637e+02 -1 -1 -1 -1
98 -1 8.567285e+02 3.420947e+02 1.166930e+02 1.917490e+02 -1 -1 -1 -1
99 -1 5.084282e+02 2.707196e+02 2.531853e+02 6.654665e+02 -1 -1 -1 -1
99 -1 1.152072e+03 1.623755e+02 1.425680e+02 4.684090e+02 -1 -1 -1 -1
99 -1 8.663450e+02 3.089500e+02 1.264933e+02 2.346969e+02 -1 -1 -1 -1
100 -1 1.175709e+03 1.536441e+02 1.191364e+02 5.047932e+02 -1 -1 -1 -1
100 -1 5.231487e+02 2.755468e+02 2.390815e+02 6.504816e+02 -1 -1 -1 -1
100 -1 8.651985e+02 3.010013e+02 1.514924e+02 2.405467e+02 -1 -1 -1 -1
100 -1 9.484161e+02 2.844394e+02 1.917636e+02 2.341561e+02 -1 -1 -1 -1
101 -1 1.160807e+03 1.669758e+02 1.550661e+02 4.918578e+02 -1 -1 -1 -1
101 -1 5.407529e+02 2.933376e+02 2.311743e+02 6.193299e+02 -1 -1 -1 -1
101 -1 9.309257e+02 3.109720e+02 1.807224e+02 2.216933e+02 -1 -1 -1 -1
101 -1 9.854844e+02 3.287069e+02 1.285075e+02 1.857495e+02 -1 -1 -1 -1
102 -1 1.093865e+03 1.622917e+02 2.354848e+02 4.864524e+02 -1 -1 -1 -1
102 -1 5.464295e+02 2.874263e+02 2.158054e+02 6.366534e+02 -1 -1 -1 -1
102 -1 9.525442e+02 2.656443e+02 1.947956e+02 2.384125e+02 -1 -1 -1 -1
103 -1 1.100613e+03 1.717435e+02 2.369582e+02 4.929577e+02 -1 -1 -1 -1
103 -1 5.357203e+02 2.695914e+02 2.199855e+02 6.591425e+02 -1 -1 -1 -1
103 -1 9.532199e+02 2.097176e+02 1.767767e+02 2.879384e+02 -1 -1 -1 -1
104 -1 1.155209e+03 1.791592e+02 2.009054e+02 5.254937e+02 -1 -1 -1 -1
104 -1 5.426873e+02 2.571325e+02 2.265539e+02 6.264002e+02 -1 -1 -1 -1
104 -1 9.755216e+02 1.397914e+02 1.464544e+02 3.632738e+02 -1 -1 -1 -1
105 -1 1.102905e+03 1.770439e+02 2.592263e+02 5.407491e+02 -1 -1 -1 -1
105 -1 5.546157e+02 2.737528e+02 2.467788e+02 6.103263e+02 -1 -1 -1 -1
105 -1 9.682040e+02 9.905395e+01 1.851833e+02 3.998250e+02 -1 -1 -1 -1
106 -1 5.554012e+02 2.724811e+02 2.501524e+02 6.031143e+02 -1 -1 -1 -1
106 -1 1.132066e+03 1.756730e+02 2.267038e+02 5.556300e+02 -1 -1 -1 -1
106 -1 1.002406e+03 9.874764e+01 1.773232e+02 4.164685e+02 -1 -1 -1 -1
107 -1 5.573526e+02 2.635224e+02 2.377654e+02 6.071596e+02 -1 -1 -1 -1
107 -1 1.141260e+03 1.829379e+02 2.383516e+02 5.360682e+02 -1 -1 -1 -1
107 -1 9.805463e+02 8.527695e+01 1.721077e+02 4.243270e+02 -1 -1 -1 -1
108 -1 1.167077e+03 1.829841e+02 2.175977e+02 5.263758e+02 -1 -1 -1 -1
108 -1 5.456866e+02 2.456018e+02 2.422604e+02 5.863535e+02 -1 -1 -1 -1
108 -1 9.481658e+02 1.227242e+02 1.883698e+02 3.803428e+02 -1 -1 -1 -1
109 -1 5.540777e+02 2.257975e+02 2.356808e+02 6.077086e+02 -1 -1 -1 -1
109 -1 1.191729e+03 1.727908e+02 1.898163e+02 5.479799e+02 -1 -1 -1 -1
109 -1 9.056463e+02 2.030355e+02 2.575671e+02 3.036017e+02 -1 -1 -1 -1
110 -1 5.772062e+02 2.385538e+02 2.164080e+02 5.944001e+02 -1 -1 -1 -1
110 -1 1.205581e+03 1.738800e+02 1.609179e+02 5.539652e+02 -1 -1 -1 -1
110 -1 8.631320e+02 2.648316e+02 2.883750e+02 2.467235e+02 -1 -1 -1 -1
111 -1 5.807137e+02 2.489113e+02 2.235719e+02 5.760614e+02 -1 -1 -1 -1
111 -1 1.198775e+03 1.754619e+02 1.555671e+02 5.378149e+02 -1 -1 -1 -1
111 -1 8.780931e+02 2.335638e+02 2.793075e+02 2.793382e+02 -1 -1 -1 -1
112 -1 5.792092e+02 2.365062e+02 2.218420e+02 6.007186e+02 -1 -1 -1 -1
112 -1 1.191929e+03 1.744913e+02 1.623269e+02 5.350110e+02 -1 -1 -1 -1
112 -1 8.454296e+02 3.263613e+02 2.958833e+02 2.014928e+02 -1 -1 -1 -1
112 -1 8.456965e+02 3.285579e+02 1.651950e+02 1.886080e+02 -1 -1 -1 -1
113 -1 1.150515e+03 1.718148e+02 2.000711e+02 5.282649e+02 -1 -1 -1 -1
113 -1 5.432787e+02 2.438860e+02 2.407788e+02 5.835370e+02 -1 -1 -1 -1
113 -1 7.608100e+02 4.016641e+02 3.492324e+02 1.304891e+02 -1 -1 -1 -1
114 -1 1.147740e+03 1.713035e+02 1.976106e+02 5.236400e+02 -1 -1 -1 -1
114 -1 5.333288e+02 2.392212e+02 2.414495e+02 5.828047e+02 -1 -1 -1 -1
114 -1 7.357843e+02 4.070770e+02 3.659383e+02 1.185933e+02 -1 -1 -1 -1
115 -1 1.151119e+03 1.776412e+02 1.830485e+02 5.174657e+02 -1 -1 -1 -1
115 -1 5.464182e+02 2.424912e+02 2.218106e+02 5.743376e+02 -1 -1 -1 -1
115 -1 7.591163e+02 3.783051e+02 3.169508e+02 1.557710e+02 -1 -1 -1 -1
116 -1 1.147670e+03 1.725408e+02 1.620458e+02 5.262422e+02 -1 -1 -1 -1
116 -1 5.626251e+02 2.283932e+02 2.266389e+02 5.720224e+02 -1 -1 -1 -1
117 -1 5.644804e+02 2.157302e+02 2.029899e+02 5.661375e+02 -1 -1 -1 -1
117 -1 1.146823e+03 1.797845e+02 1.424165e+02 5.111291e+02 -1 -1 -1 -1
117 -1 7.942483e+02 3.704950e+02 1.924318e+02 1.568522e+02 -1 -1 -1 -1
118 -1 5.648935e+02 2.171203e+02 1.972933e+02 5.310229e+02 -1 -1 -1 -1
118 -1 1.139712e+03 1.880897e+02 1.518368e+02 5.089763e+02 -1 -1 -1 -1
118 -1 8.170353e+02 3.506387e+02 2.065869e+02 1.791188e+02 -1 -1 -1 -1
119 -1 5.685186e+02 2.139003e+02 2.078017e+02 5.308793e+02 -1 -1 -1 -1
119 -1 1.134425e+03 1.885736e+02 1.416611e+02 5.129046e+02 -1 -1 -1 -1
119 -1 8.419280e+02 3.360413e+02 1.508639e+02 1.993138e+02 -1 -1 -1 -1
120 -1 5.926741e+02 2.134552e+02 1.840548e+02 5.058905e+02 -1 -1 -1 -1
120 -1 1.126023e+03 1.942641e+02 1.417708e+02 4.987970e+02 -1 -1 -1 -1
120 -1 8.748304e+02 3.413163e+02 1.105344e+02 1.939192e+02 -1 -1 -1 -1
121 -1 5.991626e+02 2.039237e+02 1.908219e+02 4.947204e+02 -1 -1 -1 -1
121 -1 1.124112e+03 1.867428e+02 1.301264e+02 5.112579e+02 -1 -1 -1 -1
121 -1 8.908352e+02 3.137455e+02 1.130618e+02 2.189292e+02 -1 -1 -1 -1
122 -1 6.010501e+02 2.059671e+02 1.890242e+02 4.906534e+02 -1 -1 -1 -1
122 -1 1.120967e+03 1.773237e+02 1.286904e+02 5.286525e+02 -1 -1 -1 -1
122 -1 9.571856e+02 3.173513e+02 1.703323e+02 2.015352e+02 -1 -1 -1 -1
122 -1 9.001800e+02 3.220809e+02 9.925369e+01 2.148734e+02 -1 -1 -1 -1
123 -1 6.029175e+02 1.905488e+02 1.827451e+02 5.003220e+02 -1 -1 -1 -1
123 -1 1.120631e+03 1.810728e+02 1.265419e+02 5.173190e+02 -1 -1 -1 -1
123 -1 9.330199e+02 3.009954e+02 1.108983e+02 2.301749e+02 -1 -1 -1 -1
123 -1 9.474632e+02 3.054951e+02 1.416763e+02 2.176069e+02 -1 -1 -1 -1
123 -1 9.868164e+02 3.015608e+02 1.305631e+02 1.992848e+02 -1 -1 -1 -1
124 -1 6.131031e+02 1.984137e+02 1.817926e+02 4.797100e+02 -1 -1 -1 -1
124 -1 1.089756e+03 1.795251e+02 1.477441e+02 5.056968e+02 -1 -1 -1 -1
124 -1 9.593140e+02 3.041998e+02 1.721896e+02 2.154256e+02 -1 -1 -1 -1
125 -1 6.380696e+02 1.945504e+02 1.659895e+02 4.617320e+02 -1 -1 -1 -1
125 -1 1.061402e+03 1.842248e+02 1.663820e+02 5.131103e+02 -1 -1 -1 -1
125 -1 9.941635e+02 2.497937e+02 1.424849e+02 2.468448e+02 -1 -1 -1 -1
125 -1 1.021558e+03 2.314333e+02 1.711491e+02 4.094697e+02 -1 -1 -1 -1
126 -1 1.031317e+03 1.974739e+02 1.843478e+02 4.950629e+02 -1 -1 -1 -1
126 -1 6.289723e+02 1.895564e+02 1.780812e+02 4.638810e+02 -1 -1 -1 -1
126 -1 1.018596e+03 1.792049e+02 1.642754e+02 4.060193e+02 -1 -1 -1 -1
127 -1 6.361434e+02 1.857567e+02 1.703292e+02 4.623046e+02 -1 -1 -1 -1
127 -1 1.037406e+03 1.845784e+02 1.596533e+02 5.166645e+02 -1 -1 -1 -1
127 -1 1.117025e+03 1.481185e+02 6.251152e+01 1.440466e+02 -1 -1 -1 -1
127 -1 1.043501e+03 1.721481e+02 1.156153e+02 2.302698e+02 -1 -1 -1 -1
128 -1 9.721612e+02 1.911593e+02 1.858248e+02 5.236400e+02 -1 -1 -1 -1
128 -1 6.247900e+02 1.795777e+02 1.623510e+02 4.589461e+02 -1 -1 -1 -1
128 -1 1.099249e+03 1.179801e+02 1.138850e+02 3.805340e+02 -1 -1 -1 -1
128 -1 1.025402e+03 1.635908e+02 1.616391e+02 4.718679e+02 -1 -1 -1 -1
129 -1 6.394247e+02 1.845632e+02 1.565632e+02 4.272211e+02 -1 -1 -1 -1
129 -1 9.501994e+02 2.052795e+02 1.928053e+02 5.040431e+02 -1 -1 -1 -1
129 -1 1.065459e+03 1.239982e+02 2.069598e+02 3.994296e+02 -1 -1 -1 -1
129 -1 9.446310e+02 2.058700e+02 7.101425e+01 1.720528e+02 -1 -1 -1 -1
130 -1 9.311049e+02 2.151930e+02 1.842773e+02 4.885843e+02 -1 -1 -1 -1
130 -1 6.145706e+02 1.651020e+02 1.835053e+02 4.293693e+02 -1 -1 -1 -1
130 -1 1.039368e+03 1.257693e+02 2.369277e+02 4.011889e+02 -1 -1 -1 -1
131 -1 1.053283e+03 1.272210e+02 1.975047e+02 4.219395e+02 -1 -1 -1 -1
131 -1 6.169910e+02 1.703840e+02 1.710318e+02 4.278391e+02 -1 -1 -1 -1
131 -1 8.874602e+02 1.936167e+02 1.729606e+02 5.170244e+02 -1 -1 -1 -1
132 -1 8.095624e+02 1.765081e+02 1.904049e+02 5.155333e+02 -1 -1 -1 -1
132 -1 6.093775e+02 1.620111e+02 1.603849e+02 4.062604e+02 -1 -1 -1 -1
132 -1 1.104818e+03 1.304991e+02 1.604308e+02 4.789085e+02 -1 -1 -1 -1
133 -1 1.083864e+03 1.274099e+02 1.636070e+02 4.949299e+02 -1 -1 -1 -1
133 -1 7.211095e+02 1.810763e+02 2.092189e+02 5.103086e+02 -1 -1 -1 -1
133 -1 6.199360e+02 1.544296e+02 1.305790e+02 3.961316e+02 -1 -1 -1 -1
134 -1 6.014184e+02 1.781846e+02 2.872459e+02 5.105840e+02 -1 -1 -1 -1
134 -1 1.072105e+03 1.249548e+02 1.532391e+02 5.367092e+02 -1 -1 -1 -1
134 -1 6.199879e+02 1.453138e+02 8.650314e+01 1.941015e+02 -1 -1 -1 -1
135 -1 5.549498e+02 1.839115e+02 3.069205e+02 5.011697e+02 -1 -1 -1 -1
135 -1 1.046028e+03 1.302803e+02 1.459852e+02 5.245703e+02 -1 -1 -1 -1
135 -1 6.135168e+02 1.452135e+02 8.888432e+01 1.585243e+02 -1 -1 -1 -1
136 -1 9.498183e+02 1.508643e+02 2.012521e+02 5.229729e+02 -1 -1 -1 -1
136 -1 5.660459e+02 1.853009e+02 1.741260e+02 4.337122e+02 -1 -1 -1 -1
136 -1 6.042553e+02 1.335973e+02 1.396235e+02 2.020753e+02 -1 -1 -1 -1
136 -1 9.240126e+02 1.893074e+02 8.574051e+01 1.858017e+02 -1 -1 -1 -1
137 -1 8.865805e+02 1.277961e+02 1.443894e+02 5.486513e+02 -1 -1 -1 -1
137 -1 5.504563e+02 1.629213e+02 1.658454e+02 4.516607e+02 -1 -1 -1 -1
137 -1 6.361359e+02 1.255767e+02 1.138046e+02 3.733204e+02 -1 -1 -1 -1
138 -1 7.587609e+02 1.314157e+02 2.529628e+02 5.466853e+02 -1 -1 -1 -1
138 -1 5.366183e+02 1.421802e+02 1.801225e+02 4.351141e+02 -1 -1 -1 -1
138 -1 6.328618e+02 1.215190e+02 1.111316e+02 3.416209e+02 -1 -1 -1 -1
139 -1 7.127469e+02 1.362953e+02 2.241270e+02 5.106641e+02 -1 -1 -1 -1
139 -1 5.334520e+02 1.409396e+02 1.895031e+02 4.295844e+02 -1 -1 -1 -1
139 -1 6.352398e+02 1.215045e+02 1.109220e+02 3.466509e+02 -1 -1 -1 -1
140 -1 7.205817e+02 1.283738e+02 1.649379e+02 4.990697e+02 -1 -1 -1 -1
140 -1 5.420811e+02 1.298254e+02 1.669048e+02 3.931658e+02 -1 -1 -1 -1
140 -1 6.462316e+02 1.193050e+02 1.032840e+02 3.167228e+02 -1 -1 -1 -1
141 -1 6.639678e+02 1.157132e+02 1.880172e+02 5.026471e+02 -1 -1 -1 -1
141 -1 5.471023e+02 1.342530e+02 1.353717e+02 3.693907e+02 -1 -1 -1 -1
142 -1 6.163427e+02 1.115124e+02 1.873995e+02 4.808163e+02 -1 -1 -1 -1
142 -1 5.430874e+02 1.252106e+02 1.131095e+02 3.525787e+02 -1 -1 -1 -1
142 -1 7.028310e+02 1.095758e+02 5.795322e+01 1.023990e+02 -1 -1 -1 -1
143 -1 5.981769e+02 1.104962e+02 1.796819e+02 4.756132e+02 -1 -1 -1 -1
143 -1 5.464812e+02 1.182354e+02 1.057861e+02 3.479947e+02 -1 -1 -1 -1
143 -1 7.115761e+02 1.034780e+02 1.069702e+02 3.001460e+02 -1 -1 -1 -1
144 -1 5.926639e+02 9.974655e+01 1.470010e+02 4.303729e+02 -1 -1 -1 -1
144 -1 7.489076e+02 1.092487e+02 9.267849e+01 2.881143e+02 -1 -1 -1 -1
144 -1 5.664470e+02 1.083767e+02 7.754059e+01 3.010602e+02 -1 -1 -1 -1
145 -1 5.854281e+02 1.040191e+02 1.601753e+02 4.152217e+02 -1 -1 -1 -1
145 -1 7.774339e+02 1.076965e+02 9.573063e+01 2.821916e+02 -1 -1 -1 -1
145 -1 5.714285e+02 9.900502e+01 7.188240e+01 2.944849e+02 -1 -1 -1 -1
146 -1 5.932575e+02 1.026530e+02 1.595835e+02 4.007625e+02 -1 -1 -1 -1
146 -1 8.040893e+02 1.118545e+02 6.700333e+01 2.654171e+02 -1 -1 -1 -1
146 -1 5.761696e+02 1.039867e+02 6.618805e+01 2.962042e+02 -1 -1 -1 -1
147 -1 6.126842e+02 9.659753e+01 1.333294e+02 3.841383e+02 -1 -1 -1 -1
147 -1 8.076890e+02 1.084833e+02 8.379856e+01 2.708104e+02 -1 -1 -1 -1
147 -1 5.769482e+02 1.032104e+02 6.053192e+01 3.114822e+02 -1 -1 -1 -1
