1 -1 1.494107e+03 2.184673e+02 2.642873e+02 6.383836e+02 -1 -1 -1 -1
1 -1 1.686727e+03 4.120938e+02 2.316245e+02 5.987219e+02 -1 -1 -1 -1
1 -1 1.297743e+03 9.570203e+02 1.645576e+02 6.402258e+01 -1 -1 -1 -1
2 -1 1.474688e+03 2.162169e+02 2.711236e+02 6.168783e+02 -1 -1 -1 -1
2 -1 1.680227e+03 4.465666e+02 2.351234e+02 5.611749e+02 -1 -1 -1 -1
2 -1 1.297639e+03 9.571959e+02 1.620879e+02 6.338348e+01 -1 -1 -1 -1
2 -1 1.583181e+03 3.160028e+02 3.157084e+02 6.402445e+02 -1 -1 -1 -1
3 -1 1.442815e+03 2.121262e+02 2.974702e+02 6.359234e+02 -1 -1 -1 -1
3 -1 1.689544e+03 4.276960e+02 2.304562e+02 5.890103e+02 -1 -1 -1 -1
3 -1 1.297826e+03 9.576863e+02 1.626725e+02 6.363147e+01 -1 -1 -1 -1
4 -1 1.418720e+03 2.002760e+02 2.872934e+02 6.230514e+02 -1 -1 -1 -1
4 -1 1.694358e+03 4.356522e+02 2.256417e+02 5.806157e+02 -1 -1 -1 -1
4 -1 1.296811e+03 9.577141e+02 1.645942e+02 6.287463e+01 -1 -1 -1 -1
5 -1 1.407866e+03 1.930477e+02 2.668007e+02 6.013365e+02 -1 -1 -1 -1
5 -1 1.691067e+03 4.344622e+02 2.289325e+02 5.802038e+02 -1 -1 -1 -1
5 -1 1.297532e+03 9.573016e+02 1.629833e+02 6.336975e+01 -1 -1 -1 -1
6 -1 1.395514e+03 1.810982e+02 2.355572e+02 5.470254e+02 -1 -1 -1 -1
6 -1 1.689944e+03 4.319926e+02 2.300557e+02 5.791310e+02 -1 -1 -1 -1
6 -1 1.296910e+03 9.570754e+02 1.634972e+02 6.417944e+01 -1 -1 -1 -1
7 -1 1.332089e+03 1.810384e+02 2.487037e+02 5.426810e+02 -1 -1 -1 -1
7 -1 1.692291e+03 4.325670e+02 2.277094e+02 5.817638e+02 -1 -1 -1 -1
7 -1 1.296277e+03 9.577699e+02 1.642490e+02 6.347302e+01 -1 -1 -1 -1
8 -1 1.319426e+03 1.768776e+02 2.076947e+02 5.288787e+02 -1 -1 -1 -1
8 -1 1.684516e+03 4.341051e+02 2.350049e+02 5.770457e+02 -1 -1 -1 -1
8 -1 1.295761e+03 9.570856e+02 1.655207e+02 6.426251e+01 -1 -1 -1 -1
9 -1 1.309815e+03 1.547713e+02 1.928513e+02 4.964568e+02 -1 -1 -1 -1
9 -1 1.685925e+03 4.374077e+02 2.328925e+02 5.766908e+02 -1 -1 -1 -1
9 -1 1.297044e+03 9.571884e+02 1.635098e+02 6.396344e+01 -1 -1 -1 -1
10 -1 1.271355e+03 1.504884e+02 2.073443e+02 4.942500e+02 -1 -1 -1 -1
10 -1 1.689851e+03 4.375160e+02 2.291544e+02 5.782514e+02 -1 -1 -1 -1
10 -1 1.299959e+03 9.575984e+02 1.601978e+02 6.321039e+01 -1 -1 -1 -1
11 -1 1.259515e+03 1.564586e+02 1.867676e+02 4.905406e+02 -1 -1 -1 -1
11 -1 1.687562e+03 4.396443e+02 2.308541e+02 5.767953e+02 -1 -1 -1 -1
11 -1 1.298365e+03 9.586965e+02 1.618215e+02 6.211945e+01 -1 -1 -1 -1
12 -1 1.251119e+03 1.460628e+02 1.702251e+02 4.440014e+02 -1 -1 -1 -1
12 -1 1.690718e+03 4.244716e+02 2.284637e+02 5.943911e+02 -1 -1 -1 -1
12 -1 1.299003e+03 9.582390e+02 1.598742e+02 6.261493e+01 -1 -1 -1 -1
12 -1 1.698929e+03 7.102135e+02 2.204414e+02 2.933699e+02 -1 -1 -1 -1
13 -1 1.236554e+03 1.329236e+02 1.595712e+02 4.364332e+02 -1 -1 -1 -1
13 -1 1.686306e+03 4.190628e+02 2.336941e+02 5.971937e+02 -1 -1 -1 -1
13 -1 1.297366e+03 9.585183e+02 1.619035e+02 6.221863e+01 -1 -1 -1 -1
14 -1 1.193425e+03 1.327787e+02 1.685591e+02 4.352699e+02 -1 -1 -1 -1
14 -1 1.694683e+03 4.153993e+02 2.253165e+02 6.000391e+02 -1 -1 -1 -1
15 -1 1.187787e+03 1.356603e+02 1.364545e+02 3.926662e+02 -1 -1 -1 -1
15 -1 1.712264e+03 4.209683e+02 2.077364e+02 5.989683e+02 -1 -1 -1 -1
15 -1 1.723876e+03 7.544321e+02 1.961245e+02 2.543607e+02 -1 -1 -1 -1
15 -1 1.298872e+03 9.587993e+02 1.614066e+02 6.224817e+01 -1 -1 -1 -1
15 -1 1.813402e+03 8.149858e+02 1.065984e+02 2.076146e+02 -1 -1 -1 -1
16 -1 1.155713e+03 1.233875e+02 1.382693e+02 3.945281e+02 -1 -1 -1 -1
16 -1 1.703132e+03 4.200423e+02 2.168684e+02 6.039577e+02 -1 -1 -1 -1
16 -1 1.298469e+03 9.591940e+02 1.631621e+02 6.179193e+01 -1 -1 -1 -1
16 -1 1.729849e+03 7.564499e+02 1.901510e+02 2.582287e+02 -1 -1 -1 -1
17 -1 1.131950e+03 1.217859e+02 1.350787e+02 3.956953e+02 -1 -1 -1 -1
17 -1 1.701913e+03 3.786118e+02 2.180871e+02 6.402303e+02 -1 -1 -1 -1
17 -1 1.791771e+03 7.717385e+02 1.236717e+02 2.329772e+02 -1 -1 -1 -1
17 -1 1.299745e+03 9.603000e+02 1.616748e+02 5.989490e+01 -1 -1 -1 -1
17 -1 1.716033e+03 6.755876e+02 2.039675e+02 3.276024e+02 -1 -1 -1 -1
18 -1 1.120985e+03 1.185078e+02 1.186269e+02 3.969560e+02 -1 -1 -1 -1
18 -1 1.697566e+03 4.348677e+02 2.198193e+02 5.789055e+02 -1 -1 -1 -1
18 -1 1.774389e+03 7.789088e+02 1.456107e+02 2.340406e+02 -1 -1 -1 -1
18 -1 1.724237e+03 6.985236e+02 1.957626e+02 3.054614e+02 -1 -1 -1 -1
19 -1 1.069398e+03 1.112848e+02 1.259667e+02 3.528667e+02 -1 -1 -1 -1
19 -1 1.684482e+03 4.414199e+02 2.355177e+02 5.631247e+02 -1 -1 -1 -1
19 -1 1.756962e+03 7.346123e+02 1.584858e+02 2.766496e+02 -1 -1 -1 -1
19 -1 1.303414e+03 9.614004e+02 1.591779e+02 5.920789e+01 -1 -1 -1 -1
20 -1 1.004395e+03 1.201078e+02 1.587124e+02 3.491073e+02 -1 -1 -1 -1
20 -1 1.708365e+03 4.469136e+02 2.116354e+02 5.758185e+02 -1 -1 -1 -1
20 -1 1.303217e+03 9.577787e+02 1.588557e+02 6.325916e+01 -1 -1 -1 -1
20 -1 1.757642e+03 7.051652e+02 1.594988e+02 3.043412e+02 -1 -1 -1 -1
21 -1 9.853917e+02 1.200941e+02 1.710807e+02 3.481973e+02 -1 -1 -1 -1
21 -1 1.698521e+03 4.555838e+02 2.214792e+02 5.559200e+02 -1 -1 -1 -1
21 -1 1.711914e+03 6.688324e+02 2.060873e+02 3.417587e+02 -1 -1 -1 -1
21 -1 1.299315e+03 9.585840e+02 1.605741e+02 6.215436e+01 -1 -1 -1 -1
22 -1 9.885013e+02 1.156368e+02 1.054637e+02 3.432160e+02 -1 -1 -1 -1
22 -1 1.704342e+03 4.292263e+02 2.147685e+02 5.926777e+02 -1 -1 -1 -1
22 -1 1.305828e+03 9.585546e+02 1.529945e+02 6.189783e+01 -1 -1 -1 -1
22 -1 1.710478e+03 6.635789e+02 2.023485e+02 3.431923e+02 -1 -1 -1 -1
23 -1 8.979814e+02 1.194034e+02 1.528411e+02 3.373752e+02 -1 -1 -1 -1
23 -1 1.708213e+03 4.376212e+02 2.117872e+02 5.784574e+02 -1 -1 -1 -1
23 -1 1.293462e+03 9.497214e+02 1.738939e+02 7.249091e+01 -1 -1 -1 -1
24 -1 8.789138e+02 1.195035e+02 1.636823e+02 3.423864e+02 -1 -1 -1 -1
24 -1 1.711210e+03 4.367545e+02 2.087896e+02 5.872455e+02 -1 -1 -1 -1
24 -1 1.712422e+03 6.518785e+02 2.050809e+02 3.546428e+02 -1 -1 -1 -1
24 -1 1.293704e+03 9.479298e+02 1.785072e+02 7.551398e+01 -1 -1 -1 -1
25 -1 8.718614e+02 1.105132e+02 1.237859e+02 3.674735e+02 -1 -1 -1 -1
25 -1 1.703129e+03 4.128854e+02 2.168710e+02 6.021716e+02 -1 -1 -1 -1
25 -1 1.295135e+03 9.509142e+02 1.803735e+02 7.308575e+01 -1 -1 -1 -1
26 -1 8.194880e+02 1.099451e+02 1.264516e+02 3.692959e+02 -1 -1 -1 -1
26 -1 1.689837e+03 4.012489e+02 2.301628e+02 6.104748e+02 -1 -1 -1 -1
26 -1 1.303136e+03 9.505557e+02 1.695078e+02 7.242004e+01 -1 -1 -1 -1
27 -1 7.854215e+02 1.197623e+02 1.440768e+02 3.666626e+02 -1 -1 -1 -1
27 -1 1.676667e+03 3.759583e+02 2.433329e+02 6.387004e+02 -1 -1 -1 -1
27 -1 1.303332e+03 9.481639e+02 1.697491e+02 7.491296e+01 -1 -1 -1 -1
28 -1 1.619782e+03 3.768895e+02 3.002182e+02 6.381966e+02 -1 -1 -1 -1
28 -1 7.678277e+02 1.150922e+02 1.110027e+02 3.867061e+02 -1 -1 -1 -1
28 -1 1.306950e+03 9.461197e+02 1.682625e+02 7.595209e+01 -1 -1 -1 -1
29 -1 7.081579e+02 1.226645e+02 1.449784e+02 3.903932e+02 -1 -1 -1 -1
29 -1 1.626202e+03 3.730940e+02 2.917999e+02 6.509060e+02 -1 -1 -1 -1
29 -1 1.300050e+03 9.462830e+02 1.813239e+02 7.600635e+01 -1 -1 -1 -1
30 -1 7.010925e+02 1.159527e+02 1.373438e+02 4.060552e+02 -1 -1 -1 -1
30 -1 1.624714e+03 3.683869e+02 2.947064e+02 6.417135e+02 -1 -1 -1 -1
30 -1 1.296014e+03 9.485776e+02 1.886510e+02 7.164264e+01 -1 -1 -1 -1
31 -1 6.564723e+02 1.209319e+02 1.536155e+02 4.154091e+02 -1 -1 -1 -1
31 -1 1.622939e+03 3.658062e+02 2.932107e+02 6.438822e+02 -1 -1 -1 -1
31 -1 1.290563e+03 9.545423e+02 1.775191e+02 6.792786e+01 -1 -1 -1 -1
32 -1 1.618739e+03 3.681049e+02 2.962594e+02 6.384038e+02 -1 -1 -1 -1
32 -1 6.293984e+02 1.274768e+02 1.638395e+02 4.305750e+02 -1 -1 -1 -1
32 -1 1.750609e+03 6.143087e+02 1.693908e+02 4.026118e+02 -1 -1 -1 -1
32 -1 1.266742e+03 9.560424e+02 8.166481e+01 6.382581e+01 -1 -1 -1 -1
33 -1 6.212017e+02 1.277828e+02 1.604863e+02 4.447952e+02 -1 -1 -1 -1
33 -1 1.589856e+03 3.594200e+02 3.218431e+02 6.493857e+02 -1 -1 -1 -1
33 -1 1.747883e+03 5.894395e+02 1.721167e+02 4.255550e+02 -1 -1 -1 -1
33 -1 1.683558e+03 4.739878e+02 2.364420e+02 5.373240e+02 -1 -1 -1 -1
33 -1 1.260431e+03 9.600437e+02 8.623192e+01 6.137207e+01 -1 -1 -1 -1
34 -1 6.192694e+02 1.294453e+02 1.572687e+02 4.630699e+02 -1 -1 -1 -1
34 -1 1.511587e+03 3.612019e+02 3.746803e+02 6.378616e+02 -1 -1 -1 -1
34 -1 1.715597e+03 4.501451e+02 2.044035e+02 5.659392e+02 -1 -1 -1 -1
34 -1 1.328315e+03 9.604885e+02 1.535445e+02 6.258490e+01 -1 -1 -1 -1
35 -1 6.117903e+02 1.372678e+02 1.636312e+02 4.868577e+02 -1 -1 -1 -1
35 -1 1.494447e+03 3.355069e+02 3.232198e+02 6.884931e+02 -1 -1 -1 -1
35 -1 1.584548e+03 3.774460e+02 3.056669e+02 6.284315e+02 -1 -1 -1 -1
35 -1 1.697276e+03 4.238345e+02 2.227239e+02 5.876581e+02 -1 -1 -1 -1
35 -1 1.337018e+03 9.517802e+02 1.442443e+02 7.110822e+01 -1 -1 -1 -1
36 -1 1.473246e+03 2.927839e+02 2.894190e+02 6.319626e+02 -1 -1 -1 -1
36 -1 6.049539e+02 1.503205e+02 1.654230e+02 4.875193e+02 -1 -1 -1 -1
36 -1 1.700231e+03 4.110033e+02 2.197689e+02 5.971666e+02 -1 -1 -1 -1
36 -1 1.335799e+03 9.472001e+02 1.559102e+02 7.619098e+01 -1 -1 -1 -1
36 -1 1.242135e+03 9.599400e+02 1.025546e+02 6.239172e+01 -1 -1 -1 -1
37 -1 1.387467e+03 2.840260e+02 3.049814e+02 5.893951e+02 -1 -1 -1 -1
37 -1 5.941211e+02 1.570913e+02 2.035971e+02 4.960757e+02 -1 -1 -1 -1
37 -1 1.703697e+03 4.245186e+02 2.163029e+02 5.967312e+02 -1 -1 -1 -1
37 -1 1.331547e+03 9.430514e+02 1.644051e+02 8.067627e+01 -1 -1 -1 -1
37 -1 1.234617e+03 9.650752e+02 1.066356e+02 5.892480e+01 -1 -1 -1 -1
38 -1 5.981008e+02 1.574917e+02 2.182854e+02 5.200677e+02 -1 -1 -1 -1
38 -1 1.377868e+03 2.700280e+02 2.496552e+02 5.578885e+02 -1 -1 -1 -1
38 -1 1.703253e+03 4.293336e+02 2.167474e+02 5.946664e+02 -1 -1 -1 -1
38 -1 1.326029e+03 9.430105e+02 1.653138e+02 8.046033e+01 -1 -1 -1 -1
38 -1 1.231625e+03 9.683168e+02 9.823929e+01 5.568317e+01 -1 -1 -1 -1
39 -1 6.256763e+02 1.780715e+02 1.821865e+02 5.354704e+02 -1 -1 -1 -1
39 -1 1.361174e+03 2.434921e+02 2.100650e+02 5.127205e+02 -1 -1 -1 -1
39 -1 1.703013e+03 4.286023e+02 2.159212e+02 5.953977e+02 -1 -1 -1 -1
39 -1 1.325600e+03 9.424241e+02 1.612145e+02 8.002380e+01 -1 -1 -1 -1
39 -1 1.226660e+03 9.706213e+02 1.029364e+02 5.337866e+01 -1 -1 -1 -1
40 -1 6.574961e+02 1.852483e+02 1.826075e+02 5.440099e+02 -1 -1 -1 -1
40 -1 1.338147e+03 2.303960e+02 1.866836e+02 5.198976e+02 -1 -1 -1 -1
40 -1 1.704268e+03 4.166770e+02 2.157320e+02 6.032332e+02 -1 -1 -1 -1
40 -1 1.314945e+03 9.414956e+02 1.741615e+02 8.244385e+01 -1 -1 -1 -1
41 -1 6.624458e+02 1.816154e+02 2.244078e+02 5.704920e+02 -1 -1 -1 -1
41 -1 1.310830e+03 2.211161e+02 1.825452e+02 4.994874e+02 -1 -1 -1 -1
41 -1 1.706761e+03 4.221700e+02 2.132393e+02 5.992418e+02 -1 -1 -1 -1
41 -1 1.320662e+03 9.403193e+02 1.687372e+02 8.349512e+01 -1 -1 -1 -1
42 -1 7.029061e+02 1.933391e+02 2.354818e+02 5.900639e+02 -1 -1 -1 -1
42 -1 1.277156e+03 2.079580e+02 1.763528e+02 4.521861e+02 -1 -1 -1 -1
42 -1 1.707431e+03 4.179970e+02 2.125693e+02 6.005224e+02 -1 -1 -1 -1
42 -1 1.321747e+03 9.402194e+02 1.658210e+02 8.263184e+01 -1 -1 -1 -1
43 -1 1.222557e+03 2.009878e+02 1.665250e+02 4.387200e+02 -1 -1 -1 -1
43 -1 7.909455e+02 2.057141e+02 1.854057e+02 6.074848e+02 -1 -1 -1 -1
43 -1 1.706049e+03 4.204754e+02 2.139507e+02 5.996685e+02 -1 -1 -1 -1
43 -1 1.321718e+03 9.380330e+02 1.695074e+02 8.596704e+01 -1 -1 -1 -1
43 -1 1.208245e+03 9.692974e+02 1.217782e+02 5.470258e+01 -1 -1 -1 -1
44 -1 1.227060e+03 1.883547e+02 1.430116e+02 4.008941e+02 -1 -1 -1 -1
44 -1 8.507726e+02 1.872801e+02 1.761770e+02 6.316248e+02 -1 -1 -1 -1
44 -1 1.706410e+03 4.205335e+02 2.135897e+02 5.994956e+02 -1 -1 -1 -1
44 -1 1.322980e+03 9.388759e+02 1.676163e+02 8.443909e+01 -1 -1 -1 -1
45 -1 8.875085e+02 2.126254e+02 2.449988e+02 6.024205e+02 -1 -1 -1 -1
45 -1 1.191298e+03 1.800125e+02 1.418543e+02 4.123401e+02 -1 -1 -1 -1
45 -1 1.701402e+03 4.211290e+02 2.185979e+02 5.993389e+02 -1 -1 -1 -1
45 -1 1.319158e+03 9.390327e+02 1.689150e+02 8.411505e+01 -1 -1 -1 -1
46 -1 9.011326e+02 2.015117e+02 2.454524e+02 6.206798e+02 -1 -1 -1 -1
46 -1 1.171443e+03 1.729738e+02 1.307215e+02 3.995034e+02 -1 -1 -1 -1
46 -1 1.707357e+03 4.121952e+02 2.126429e+02 6.101078e+02 -1 -1 -1 -1
46 -1 1.318343e+03 9.395494e+02 1.718610e+02 8.330225e+01 -1 -1 -1 -1
47 -1 1.006518e+03 2.112769e+02 1.840535e+02 5.837084e+02 -1 -1 -1 -1
47 -1 1.147838e+03 1.671947e+02 1.185580e+02 3.589367e+02 -1 -1 -1 -1
47 -1 1.710155e+03 4.212585e+02 2.098449e+02 5.911327e+02 -1 -1 -1 -1
47 -1 1.312365e+03 9.401625e+02 1.766087e+02 8.178461e+01 -1 -1 -1 -1
48 -1 1.039098e+03 2.039518e+02 2.227528e+02 6.021208e+02 -1 -1 -1 -1
48 -1 1.712800e+03 4.881250e+02 2.072002e+02 5.255171e+02 -1 -1 -1 -1
48 -1 1.313842e+03 9.409299e+02 1.750280e+02 8.181708e+01 -1 -1 -1 -1
48 -1 1.132198e+03 1.649829e+02 9.641006e+01 1.095599e+02 -1 -1 -1 -1
49 -1 1.041645e+03 2.049026e+02 2.391266e+02 5.976391e+02 -1 -1 -1 -1
49 -1 1.126310e+03 1.571206e+02 6.995544e+01 1.605269e+02 -1 -1 -1 -1
49 -1 1.313693e+03 9.410263e+02 1.755579e+02 8.237225e+01 -1 -1 -1 -1
49 -1 1.727083e+03 7.014151e+02 1.929174e+02 3.058048e+02 -1 -1 -1 -1
50 -1 1.082051e+03 2.134122e+02 2.460679e+02 5.781450e+02 -1 -1 -1 -1
50 -1 1.049415e+03 1.597467e+02 1.127426e+02 3.258966e+02 -1 -1 -1 -1
50 -1 1.696490e+03 6.393208e+02 2.187994e+02 3.773866e+02 -1 -1 -1 -1
50 -1 1.327722e+03 9.422065e+02 1.595709e+02 8.053009e+01 -1 -1 -1 -1
51 -1 9.749348e+02 1.597815e+02 1.608646e+02 3.240366e+02 -1 -1 -1 -1
51 -1 1.196503e+03 1.981711e+02 2.310191e+02 5.864142e+02 -1 -1 -1 -1
51 -1 1.635280e+03 6.107773e+02 2.819694e+02 4.073517e+02 -1 -1 -1 -1
51 -1 1.329242e+03 9.439694e+02 1.615675e+02 7.809827e+01 -1 -1 -1 -1
52 -1 1.207652e+03 2.064780e+02 2.411957e+02 5.720554e+02 -1 -1 -1 -1
52 -1 9.662560e+02 1.564790e+02 1.613214e+02 3.268103e+02 -1 -1 -1 -1
52 -1 1.618761e+03 6.042107e+02 2.913210e+02 4.136573e+02 -1 -1 -1 -1
52 -1 1.337682e+03 9.454114e+02 1.559953e+02 7.706104e+01 -1 -1 -1 -1
53 -1 1.240579e+03 1.902502e+02 2.251572e+02 5.688383e+02 -1 -1 -1 -1
53 -1 9.561309e+02 1.504947e+02 9.460236e+01 3.282701e+02 -1 -1 -1 -1
53 -1 1.611467e+03 5.984341e+02 2.960035e+02 4.255659e+02 -1 -1 -1 -1
53 -1 1.344699e+03 9.553740e+02 1.382833e+02 6.603955e+01 -1 -1 -1 -1
54 -1 1.278996e+03 1.723160e+02 2.165291e+02 5.594979e+02 -1 -1 -1 -1
54 -1 8.676413e+02 1.551867e+02 1.675169e+02 3.290196e+02 -1 -1 -1 -1
54 -1 1.632478e+03 6.071011e+02 2.875224e+02 3.931089e+02 -1 -1 -1 -1
54 -1 1.305136e+03 9.506774e+02 1.860049e+02 7.148950e+01 -1 -1 -1 -1
54 -1 1.815407e+03 5.024531e+02 1.045934e+02 1.475261e+02 -1 -1 -1 -1
54 -1 1.300967e+03 9.625248e+02 4.619888e+01 5.792377e+01 -1 -1 -1 -1
55 -1 1.287781e+03 1.869426e+02 2.003687e+02 5.406974e+02 -1 -1 -1 -1
55 -1 8.671978e+02 1.517416e+02 1.593476e+02 3.356216e+02 -1 -1 -1 -1
55 -1 1.624475e+03 6.240167e+02 2.880212e+02 3.785640e+02 -1 -1 -1 -1
55 -1 1.337385e+03 9.476128e+02 1.465054e+02 7.571918e+01 -1 -1 -1 -1
56 -1 1.291309e+03 1.709882e+02 2.064189e+02 5.429238e+02 -1 -1 -1 -1
56 -1 8.401424e+02 1.537127e+02 1.006023e+02 3.362064e+02 -1 -1 -1 -1
56 -1 1.673620e+03 4.328325e+02 2.463799e+02 5.852401e+02 -1 -1 -1 -1
56 -1 1.317224e+03 9.446367e+02 1.667786e+02 7.850464e+01 -1 -1 -1 -1
57 -1 7.876979e+02 1.499490e+02 1.485746e+02 3.548800e+02 -1 -1 -1 -1
57 -1 1.291483e+03 1.643448e+02 2.072887e+02 5.094534e+02 -1 -1 -1 -1
57 -1 1.685185e+03 6.234526e+02 2.348155e+02 3.727407e+02 -1 -1 -1 -1
57 -1 1.312385e+03 9.422777e+02 1.765221e+02 8.106342e+01 -1 -1 -1 -1
58 -1 1.286829e+03 1.576886e+02 2.063853e+02 5.021860e+02 -1 -1 -1 -1
58 -1 7.812551e+02 1.560287e+02 1.436095e+02 3.590007e+02 -1 -1 -1 -1
58 -1 1.689709e+03 6.485276e+02 2.302908e+02 3.603434e+02 -1 -1 -1 -1
58 -1 1.295062e+03 9.404344e+02 1.967072e+02 8.114264e+01 -1 -1 -1 -1
59 -1 1.289266e+03 1.533065e+02 1.706239e+02 4.882298e+02 -1 -1 -1 -1
59 -1 7.501188e+02 1.571456e+02 1.187465e+02 3.612046e+02 -1 -1 -1 -1
59 -1 1.698731e+03 4.154592e+02 2.212691e+02 5.856711e+02 -1 -1 -1 -1
59 -1 1.303462e+03 9.370685e+02 1.853872e+02 8.435876e+01 -1 -1 -1 -1
59 -1 1.689633e+03 7.343342e+02 2.253868e+02 2.837568e+02 -1 -1 -1 -1
59 -1 1.869040e+03 3.872803e+02 5.095963e+01 2.346489e+02 -1 -1 -1 -1
60 -1 1.274175e+03 1.421719e+02 1.671741e+02 4.460085e+02 -1 -1 -1 -1
60 -1 7.276323e+02 1.645765e+02 1.232970e+02 3.888845e+02 -1 -1 -1 -1
60 -1 1.691847e+03 4.237636e+02 2.266745e+02 5.740538e+02 -1 -1 -1 -1
60 -1 1.683934e+03 6.675048e+02 2.326749e+02 3.420536e+02 -1 -1 -1 -1
60 -1 1.306868e+03 9.365731e+02 1.831007e+02 8.635376e+01 -1 -1 -1 -1
61 -1 1.240660e+03 1.374902e+02 1.747609e+02 4.438736e+02 -1 -1 -1 -1
61 -1 7.213091e+02 1.627727e+02 1.184111e+02 3.873910e+02 -1 -1 -1 -1
61 -1 1.665599e+03 3.555751e+02 2.544011e+02 6.684249e+02 -1 -1 -1 -1
61 -1 1.296676e+03 9.350916e+02 1.885707e+02 8.755518e+01 -1 -1 -1 -1
61 -1 1.661970e+03 7.181514e+02 2.576928e+02 3.051594e+02 -1 -1 -1 -1
62 -1 1.592331e+03 3.171972e+02 3.276688e+02 6.738892e+02 -1 -1 -1 -1
62 -1 1.227690e+03 1.456383e+02 1.598621e+02 4.242422e+02 -1 -1 -1 -1
62 -1 6.922298e+02 1.655955e+02 1.353379e+02 3.987814e+02 -1 -1 -1 -1
62 -1 1.689449e+03 7.738416e+02 2.305511e+02 2.501584e+02 -1 -1 -1 -1
62 -1 1.273650e+03 9.323922e+02 2.148816e+02 9.160779e+01 -1 -1 -1 -1
63 -1 1.561817e+03 2.894312e+02 3.029025e+02 6.740458e+02 -1 -1 -1 -1
63 -1 1.202370e+03 1.287404e+02 1.429585e+02 4.134622e+02 -1 -1 -1 -1
63 -1 6.680643e+02 1.762190e+02 1.442889e+02 4.370940e+02 -1 -1 -1 -1
63 -1 1.692765e+03 8.074117e+02 2.267649e+02 2.131114e+02 -1 -1 -1 -1
63 -1 1.306671e+03 9.335605e+02 1.798972e+02 9.038593e+01 -1 -1 -1 -1
64 -1 1.479448e+03 2.662271e+02 3.315857e+02 6.908598e+02 -1 -1 -1 -1
64 -1 1.148835e+03 1.221268e+02 1.491442e+02 3.833578e+02 -1 -1 -1 -1
64 -1 6.599772e+02 1.827900e+02 1.526188e+02 4.373251e+02 -1 -1 -1 -1
64 -1 1.684859e+03 8.125969e+02 2.339241e+02 2.105385e+02 -1 -1 -1 -1
64 -1 1.291965e+03 9.342021e+02 1.909396e+02 8.979785e+01 -1 -1 -1 -1
65 -1 6.496816e+02 1.890815e+02 2.451727e+02 4.256359e+02 -1 -1 -1 -1
65 -1 1.457172e+03 2.527088e+02 3.034119e+02 6.851627e+02 -1 -1 -1 -1
65 -1 1.125394e+03 1.259909e+02 1.529656e+02 3.927535e+02 -1 -1 -1 -1
65 -1 1.687460e+03 8.220977e+02 2.305138e+02 2.019023e+02 -1 -1 -1 -1
65 -1 1.310210e+03 9.322603e+02 1.751170e+02 9.173969e+01 -1 -1 -1 -1
66 -1 6.710595e+02 1.979315e+02 2.422188e+02 4.542481e+02 -1 -1 -1 -1
66 -1 1.455694e+03 2.338175e+02 2.597967e+02 5.726228e+02 -1 -1 -1 -1
66 -1 1.111320e+03 1.235887e+02 1.307613e+02 3.771057e+02 -1 -1 -1 -1
66 -1 1.693260e+03 8.285452e+02 2.267404e+02 1.954548e+02 -1 -1 -1 -1
66 -1 1.298570e+03 9.346412e+02 1.917240e+02 8.767310e+01 -1 -1 -1 -1
67 -1 1.057032e+03 1.118720e+02 1.332632e+02 3.666854e+02 -1 -1 -1 -1
67 -1 6.728043e+02 2.134186e+02 1.239048e+02 4.739993e+02 -1 -1 -1 -1
67 -1 1.342700e+03 2.413276e+02 2.784421e+02 5.408325e+02 -1 -1 -1 -1
67 -1 1.694622e+03 8.320639e+02 2.253778e+02 1.919361e+02 -1 -1 -1 -1
67 -1 1.290573e+03 9.411516e+02 1.942195e+02 8.089716e+01 -1 -1 -1 -1
68 -1 6.462451e+02 2.118275e+02 1.527791e+02 4.935478e+02 -1 -1 -1 -1
68 -1 1.010484e+03 1.215264e+02 1.446844e+02 3.453954e+02 -1 -1 -1 -1
68 -1 1.343341e+03 2.131263e+02 2.164384e+02 5.105293e+02 -1 -1 -1 -1
68 -1 1.692509e+03 8.332737e+02 2.274910e+02 1.907263e+02 -1 -1 -1 -1
68 -1 1.296821e+03 9.580956e+02 1.811343e+02 6.362714e+01 -1 -1 -1 -1
69 -1 6.137275e+02 2.245681e+02 2.504712e+02 5.328783e+02 -1 -1 -1 -1
69 -1 1.001088e+03 1.123311e+02 1.345111e+02 3.544504e+02 -1 -1 -1 -1
69 -1 1.290142e+03 2.010829e+02 2.337971e+02 5.001681e+02 -1 -1 -1 -1
69 -1 1.689883e+03 8.308712e+02 2.301173e+02 1.931288e+02 -1 -1 -1 -1
69 -1 1.098769e+03 9.265725e+02 3.543791e+02 9.467670e+01 -1 -1 -1 -1
69 -1 1.239379e+03 9.232285e+02 2.397423e+02 9.638696e+01 -1 -1 -1 -1
69 -1 1.315476e+03 9.619978e+02 1.679510e+02 6.034778e+01 -1 -1 -1 -1
69 -1 1.247100e+03 9.256438e+02 1.433233e+02 9.564191e+01 -1 -1 -1 -1
70 -1 6.640394e+02 2.373758e+02 2.827982e+02 5.170861e+02 -1 -1 -1 -1
70 -1 1.285983e+03 1.923415e+02 2.104758e+02 5.035258e+02 -1 -1 -1 -1
70 -1 9.857658e+02 1.076844e+02 9.424118e+01 3.510051e+02 -1 -1 -1 -1
70 -1 1.289206e+03 9.090720e+02 2.123591e+02 1.103537e+02 -1 -1 -1 -1
70 -1 1.693623e+03 8.411451e+02 2.263770e+02 1.817450e+02 -1 -1 -1 -1
70 -1 1.130750e+03 9.081407e+02 3.450403e+02 1.130811e+02 -1 -1 -1 -1
71 -1 7.213150e+02 2.439315e+02 1.860397e+02 5.244397e+02 -1 -1 -1 -1
71 -1 1.270935e+03 1.834596e+02 1.835660e+02 4.418626e+02 -1 -1 -1 -1
71 -1 9.092306e+02 1.156299e+02 1.512835e+02 3.457022e+02 -1 -1 -1 -1
71 -1 1.688441e+03 8.294828e+02 2.311450e+02 1.903558e+02 -1 -1 -1 -1
72 -1 7.596159e+02 2.507129e+02 1.936554e+02 5.495700e+02 -1 -1 -1 -1
72 -1 9.043538e+02 1.164966e+02 1.337640e+02 3.501471e+02 -1 -1 -1 -1
72 -1 1.225769e+03 1.653270e+02 1.937167e+02 4.605050e+02 -1 -1 -1 -1
72 -1 1.692908e+03 8.327807e+02 2.270915e+02 1.886674e+02 -1 -1 -1 -1
72 -1 1.034764e+03 8.864629e+02 5.073482e+02 1.375371e+02 -1 -1 -1 -1
73 -1 1.210708e+03 1.596580e+02 1.682719e+02 4.553776e+02 -1 -1 -1 -1
73 -1 7.933023e+02 2.503973e+02 1.629356e+02 5.704885e+02 -1 -1 -1 -1
73 -1 1.690232e+03 6.994789e+02 2.297682e+02 3.170644e+02 -1 -1 -1 -1
73 -1 8.916654e+02 1.061895e+02 8.363548e+01 3.379172e+02 -1 -1 -1 -1
74 -1 1.191900e+03 1.602218e+02 1.635889e+02 4.046223e+02 -1 -1 -1 -1
74 -1 8.450086e+02 2.609881e+02 1.881826e+02 5.582036e+02 -1 -1 -1 -1
74 -1 1.674949e+03 6.384321e+02 2.444215e+02 3.817462e+02 -1 -1 -1 -1
74 -1 8.054509e+02 1.131213e+02 1.314670e+02 3.511794e+02 -1 -1 -1 -1
75 -1 8.859785e+02 2.648304e+02 2.099728e+02 5.516404e+02 -1 -1 -1 -1
75 -1 7.850387e+02 1.165940e+02 1.409857e+02 3.679217e+02 -1 -1 -1 -1
75 -1 1.171244e+03 1.639046e+02 1.498006e+02 3.948624e+02 -1 -1 -1 -1
75 -1 1.331991e+03 6.963971e+02 5.761425e+02 3.249996e+02 -1 -1 -1 -1
76 -1 9.702125e+02 2.708625e+02 1.743624e+02 5.387814e+02 -1 -1 -1 -1
76 -1 7.315981e+02 1.115942e+02 1.395522e+02 3.840001e+02 -1 -1 -1 -1
76 -1 1.162575e+03 1.478717e+02 1.294753e+02 3.870623e+02 -1 -1 -1 -1
76 -1 1.305050e+03 7.233892e+02 5.892707e+02 3.006108e+02 -1 -1 -1 -1
76 -1 1.540277e+03 7.375079e+02 3.753053e+02 2.782131e+02 -1 -1 -1 -1
77 -1 6.787051e+02 1.143010e+02 1.751458e+02 4.119173e+02 -1 -1 -1 -1
77 -1 9.813266e+02 2.599667e+02 2.446703e+02 5.504649e+02 -1 -1 -1 -1
77 -1 1.345338e+03 7.297878e+02 5.563541e+02 2.918194e+02 -1 -1 -1 -1
77 -1 1.172658e+03 1.433729e+02 9.793327e+01 3.448686e+02 -1 -1 -1 -1
78 -1 1.007214e+03 2.597589e+02 2.227130e+02 5.469216e+02 -1 -1 -1 -1
78 -1 6.652084e+02 1.201489e+02 1.672609e+02 4.234835e+02 -1 -1 -1 -1
78 -1 1.397392e+03 7.372126e+02 5.071577e+02 2.823434e+02 -1 -1 -1 -1
78 -1 1.162107e+03 1.421080e+02 7.693909e+01 2.395507e+02 -1 -1 -1 -1
79 -1 1.105700e+03 2.660867e+02 1.714396e+02 5.091634e+02 -1 -1 -1 -1
79 -1 6.739225e+02 1.269617e+02 1.421201e+02 4.156188e+02 -1 -1 -1 -1
79 -1 1.420520e+03 7.152652e+02 4.721491e+02 3.087348e+02 -1 -1 -1 -1
79 -1 1.100178e+03 1.396766e+02 9.557350e+01 2.354190e+02 -1 -1 -1 -1
80 -1 1.122043e+03 2.475911e+02 2.261881e+02 5.179366e+02 -1 -1 -1 -1
80 -1 6.582331e+02 1.316139e+02 1.412695e+02 4.464371e+02 -1 -1 -1 -1
80 -1 1.039520e+03 1.443950e+02 1.234254e+02 3.401642e+02 -1 -1 -1 -1
80 -1 1.433167e+03 7.246833e+02 4.711153e+02 2.993167e+02 -1 -1 -1 -1
80 -1 1.613026e+03 6.933027e+02 3.061242e+02 3.296089e+02 -1 -1 -1 -1
81 -1 1.127867e+03 2.503771e+02 2.518870e+02 5.087029e+02 -1 -1 -1 -1
81 -1 6.362729e+02 1.343985e+02 1.570575e+02 4.567027e+02 -1 -1 -1 -1
81 -1 1.011859e+03 1.402029e+02 1.359471e+02 3.483630e+02 -1 -1 -1 -1
81 -1 1.687648e+03 6.385789e+02 2.323518e+02 3.837700e+02 -1 -1 -1 -1
82 -1 5.998223e+02 1.457028e+02 1.794621e+02 4.517899e+02 -1 -1 -1 -1
82 -1 1.209661e+03 2.441546e+02 2.196588e+02 4.846075e+02 -1 -1 -1 -1
82 -1 1.005206e+03 1.385102e+02 1.072710e+02 3.216996e+02 -1 -1 -1 -1
82 -1 1.758071e+03 6.093417e+02 1.594034e+02 4.134073e+02 -1 -1 -1 -1
83 -1 5.878608e+02 1.516710e+02 1.856592e+02 4.919423e+02 -1 -1 -1 -1
83 -1 1.221942e+03 2.173788e+02 2.421176e+02 5.140263e+02 -1 -1 -1 -1
83 -1 9.356173e+02 1.292608e+02 1.374263e+02 3.460917e+02 -1 -1 -1 -1
83 -1 1.765574e+03 6.041252e+02 1.503136e+02 4.161121e+02 -1 -1 -1 -1
83 -1 1.283786e+03 9.256730e+02 1.922330e+02 9.527905e+01 -1 -1 -1 -1
84 -1 5.950789e+02 1.532555e+02 1.789632e+02 5.205134e+02 -1 -1 -1 -1
84 -1 9.016220e+02 1.438024e+02 1.540224e+02 3.322633e+02 -1 -1 -1 -1
84 -1 1.249501e+03 2.180537e+02 2.140448e+02 4.780274e+02 -1 -1 -1 -1
84 -1 1.781972e+03 7.942989e+02 1.380280e+02 2.257723e+02 -1 -1 -1 -1
85 -1 5.976227e+02 1.557964e+02 1.948465e+02 5.306831e+02 -1 -1 -1 -1
85 -1 1.248568e+03 2.160514e+02 2.160608e+02 4.682841e+02 -1 -1 -1 -1
85 -1 9.048395e+02 1.381494e+02 9.395645e+01 3.448528e+02 -1 -1 -1 -1
86 -1 1.243456e+03 2.122274e+02 2.084065e+02 4.740261e+02 -1 -1 -1 -1
86 -1 6.138749e+02 1.628260e+02 2.066381e+02 5.734741e+02 -1 -1 -1 -1
86 -1 8.562432e+02 1.366452e+02 1.158707e+02 3.441869e+02 -1 -1 -1 -1
87 -1 6.322855e+02 1.779911e+02 2.138282e+02 5.790992e+02 -1 -1 -1 -1
87 -1 8.344884e+02 1.415312e+02 1.310030e+02 3.469728e+02 -1 -1 -1 -1
87 -1 1.263554e+03 2.061065e+02 1.596572e+02 4.425885e+02 -1 -1 -1 -1
88 -1 1.247207e+03 2.011697e+02 1.670302e+02 4.482645e+02 -1 -1 -1 -1
88 -1 6.590480e+02 1.845021e+02 2.119397e+02 5.742601e+02 -1 -1 -1 -1
88 -1 8.061964e+02 1.300550e+02 1.233017e+02 3.674243e+02 -1 -1 -1 -1
88 -1 1.819822e+03 8.368618e+02 1.001780e+02 1.860229e+02 -1 -1 -1 -1
89 -1 1.244670e+03 1.916747e+02 1.554996e+02 4.308621e+02 -1 -1 -1 -1
89 -1 7.064996e+02 1.871052e+02 2.206914e+02 5.964583e+02 -1 -1 -1 -1
89 -1 7.775781e+02 1.290190e+02 1.450142e+02 2.347883e+02 -1 -1 -1 -1
89 -1 1.259312e+03 8.686503e+02 2.096935e+02 1.553497e+02 -1 -1 -1 -1
89 -1 1.809867e+03 8.490699e+02 1.101328e+02 1.670626e+02 -1 -1 -1 -1
89 -1 1.272039e+03 9.208799e+02 1.738337e+02 1.000707e+02 -1 -1 -1 -1
89 -1 7.758068e+02 1.528884e+02 1.464017e+02 3.651176e+02 -1 -1 -1 -1
90 -1 7.455107e+02 1.897976e+02 2.337979e+02 6.123533e+02 -1 -1 -1 -1
90 -1 1.236959e+03 1.925669e+02 1.474889e+02 4.015685e+02 -1 -1 -1 -1
90 -1 7.180408e+02 1.394811e+02 1.209092e+02 2.292395e+02 -1 -1 -1 -1
90 -1 1.744010e+03 8.216611e+02 1.759904e+02 1.073276e+02 -1 -1 -1 -1
90 -1 1.263704e+03 8.691581e+02 2.573323e+02 1.510142e+02 -1 -1 -1 -1
91 -1 8.270943e+02 1.909792e+02 1.747856e+02 6.408793e+02 -1 -1 -1 -1
91 -1 1.220945e+03 1.801320e+02 1.484406e+02 4.111475e+02 -1 -1 -1 -1
91 -1 6.798125e+02 1.481987e+02 1.589480e+02 3.917744e+02 -1 -1 -1 -1
91 -1 1.259181e+03 9.007218e+02 2.251559e+02 1.229120e+02 -1 -1 -1 -1
91 -1 1.835421e+03 8.372657e+02 8.111275e+01 1.867148e+02 -1 -1 -1 -1
91 -1 1.292494e+03 9.507621e+02 1.682057e+02 6.901050e+01 -1 -1 -1 -1
92 -1 8.667955e+02 2.103622e+02 2.288539e+02 6.377995e+02 -1 -1 -1 -1
92 -1 1.190158e+03 1.767343e+02 1.432416e+02 3.766977e+02 -1 -1 -1 -1
92 -1 6.012051e+02 1.485522e+02 3.000046e+02 3.976187e+02 -1 -1 -1 -1
92 -1 1.808716e+03 8.158130e+02 1.066992e+02 2.015872e+02 -1 -1 -1 -1
93 -1 8.997523e+02 2.189493e+02 2.654015e+02 6.274375e+02 -1 -1 -1 -1
93 -1 1.170326e+03 1.671513e+02 1.312889e+02 3.698987e+02 -1 -1 -1 -1
93 -1 6.061563e+02 1.579085e+02 2.647148e+02 3.967222e+02 -1 -1 -1 -1
93 -1 1.795402e+03 8.147825e+02 1.203710e+02 2.020356e+02 -1 -1 -1 -1
93 -1 1.248905e+03 8.969119e+02 2.262076e+02 1.212701e+02 -1 -1 -1 -1
94 -1 9.676932e+02 2.181863e+02 2.234736e+02 6.335320e+02 -1 -1 -1 -1
94 -1 1.160714e+03 1.643849e+02 1.209471e+02 3.690202e+02 -1 -1 -1 -1
94 -1 6.414241e+02 1.503090e+02 1.451292e+02 4.229291e+02 -1 -1 -1 -1
94 -1 1.239842e+03 8.989748e+02 2.168719e+02 1.231722e+02 -1 -1 -1 -1
94 -1 1.282523e+03 9.318264e+02 1.638016e+02 8.619049e+01 -1 -1 -1 -1
95 -1 1.065038e+03 2.105158e+02 2.905305e+02 6.357925e+02 -1 -1 -1 -1
95 -1 5.976674e+02 1.667641e+02 2.753073e+02 4.231499e+02 -1 -1 -1 -1
95 -1 1.232516e+03 9.051540e+02 2.301331e+02 1.188460e+02 -1 -1 -1 -1
95 -1 1.778959e+03 8.343376e+02 1.377008e+02 1.826134e+02 -1 -1 -1 -1
95 -1 1.155542e+03 1.517645e+02 8.856789e+01 1.539236e+02 -1 -1 -1 -1
96 -1 1.084510e+03 2.222966e+02 3.025557e+02 6.281008e+02 -1 -1 -1 -1
96 -1 5.974656e+02 1.735602e+02 2.500504e+02 4.377921e+02 -1 -1 -1 -1
96 -1 1.087338e+03 1.555712e+02 1.355946e+02 3.250664e+02 -1 -1 -1 -1
96 -1 1.291091e+03 9.296774e+02 1.606654e+02 8.982074e+01 -1 -1 -1 -1
97 -1 1.198489e+03 2.144480e+02 1.847294e+02 6.034312e+02 -1 -1 -1 -1
97 -1 6.229607e+02 1.702921e+02 1.536714e+02 4.586046e+02 -1 -1 -1 -1
97 -1 1.089783e+03 1.520789e+02 9.921661e+01 3.400932e+02 -1 -1 -1 -1
97 -1 1.266168e+03 9.121494e+02 2.070765e+02 1.068659e+02 -1 -1 -1 -1
97 -1 1.790870e+03 8.221040e+02 1.278271e+02 2.003323e+02 -1 -1 -1 -1
98 -1 5.973447e+02 1.705412e+02 2.762128e+02 4.554503e+02 -1 -1 -1 -1
98 -1 1.228926e+03 2.087675e+02 1.988042e+02 6.011011e+02 -1 -1 -1 -1
98 -1 1.048337e+03 1.454698e+02 1.059940e+02 3.315319e+02 -1 -1 -1 -1
98 -1 1.263014e+03 9.092967e+02 1.947009e+02 1.103011e+02 -1 -1 -1 -1
98 -1 1.790226e+03 8.181002e+02 1.296790e+02 2.017198e+02 -1 -1 -1 -1
99 -1 1.242759e+03 2.041875e+02 2.511019e+02 5.951961e+02 -1 -1 -1 -1
99 -1 6.093991e+02 1.842645e+02 2.672500e+02 5.086332e+02 -1 -1 -1 -1
99 -1 9.819389e+02 1.502661e+02 1.601914e+02 3.190037e+02 -1 -1 -1 -1
99 -1 1.241311e+03 8.913215e+02 2.070312e+02 1.286280e+02 -1 -1 -1 -1
99 -1 1.780614e+03 7.916126e+02 1.392263e+02 2.247769e+02 -1 -1 -1 -1
100 -1 1.294481e+03 1.830869e+02 2.521896e+02 5.795390e+02 -1 -1 -1 -1
100 -1 6.244098e+02 1.900940e+02 1.827402e+02 5.048542e+02 -1 -1 -1 -1
100 -1 9.719148e+02 1.505720e+02 1.153013e+02 3.206800e+02 -1 -1 -1 -1
100 -1 1.775041e+03 7.182101e+02 1.449585e+02 2.948537e+02 -1 -1 -1 -1
100 -1 1.234072e+03 8.852830e+02 2.168172e+02 1.323890e+02 -1 -1 -1 -1
101 -1 5.918907e+02 1.954669e+02 2.972768e+02 5.258159e+02 -1 -1 -1 -1
101 -1 1.300014e+03 1.847919e+02 2.441171e+02 5.710041e+02 -1 -1 -1 -1
101 -1 9.435247e+02 1.486337e+02 1.107422e+02 3.211216e+02 -1 -1 -1 -1
101 -1 1.729275e+03 7.138886e+02 1.907254e+02 2.964839e+02 -1 -1 -1 -1
101 -1 1.238274e+03 8.879867e+02 2.042562e+02 1.316829e+02 -1 -1 -1 -1
102 -1 6.307764e+02 2.223312e+02 2.511898e+02 5.408049e+02 -1 -1 -1 -1
102 -1 1.316683e+03 1.807852e+02 2.032484e+02 5.451379e+02 -1 -1 -1 -1
102 -1 8.888206e+02 1.549383e+02 1.445476e+02 3.194479e+02 -1 -1 -1 -1
102 -1 1.698755e+03 6.912195e+02 2.212452e+02 3.210017e+02 -1 -1 -1 -1
102 -1 1.247281e+03 8.951638e+02 2.045844e+02 1.247404e+02 -1 -1 -1 -1
103 -1 1.310875e+03 1.577446e+02 1.979594e+02 5.096732e+02 -1 -1 -1 -1
103 -1 6.841400e+02 2.191605e+02 1.603286e+02 5.495107e+02 -1 -1 -1 -1
103 -1 8.882592e+02 1.521289e+02 1.214754e+02 3.266943e+02 -1 -1 -1 -1
103 -1 1.243729e+03 9.012050e+02 2.147987e+02 1.169613e+02 -1 -1 -1 -1
103 -1 1.679996e+03 6.789651e+02 2.400045e+02 3.377752e+02 -1 -1 -1 -1
104 -1 1.293310e+03 1.628834e+02 1.989471e+02 4.900720e+02 -1 -1 -1 -1
104 -1 6.931780e+02 2.356914e+02 2.205012e+02 5.868780e+02 -1 -1 -1 -1
104 -1 8.585853e+02 1.517388e+02 1.065484e+02 3.315032e+02 -1 -1 -1 -1
104 -1 1.245648e+03 9.056889e+02 2.181207e+02 1.116868e+02 -1 -1 -1 -1
104 -1 1.667130e+03 6.690794e+02 2.528697e+02 3.476716e+02 -1 -1 -1 -1
105 -1 1.288513e+03 1.520220e+02 1.752267e+02 4.635935e+02 -1 -1 -1 -1
105 -1 7.714037e+02 2.417343e+02 2.114318e+02 6.062009e+02 -1 -1 -1 -1
105 -1 1.687536e+03 6.697330e+02 2.324642e+02 3.476921e+02 -1 -1 -1 -1
105 -1 1.253348e+03 9.172137e+02 2.034979e+02 1.034485e+02 -1 -1 -1 -1
105 -1 7.935270e+02 1.496350e+02 1.268018e+02 2.255246e+02 -1 -1 -1 -1
106 -1 1.259917e+03 1.432532e+02 1.763411e+02 4.427927e+02 -1 -1 -1 -1
106 -1 8.465411e+02 2.527540e+02 1.650002e+02 5.938148e+02 -1 -1 -1 -1
106 -1 7.814130e+02 1.575472e+02 1.090506e+02 3.427699e+02 -1 -1 -1 -1
106 -1 1.700745e+03 6.670108e+02 2.192548e+02 3.513922e+02 -1 -1 -1 -1
107 -1 8.811830e+02 2.562356e+02 2.153217e+02 5.892138e+02 -1 -1 -1 -1
107 -1 7.542013e+02 1.647108e+02 1.234826e+02 3.719776e+02 -1 -1 -1 -1
107 -1 1.225473e+03 1.363889e+02 1.739108e+02 4.523541e+02 -1 -1 -1 -1
107 -1 1.258953e+03 9.222756e+02 2.239437e+02 9.609113e+01 -1 -1 -1 -1
107 -1 1.701063e+03 6.955388e+02 2.165202e+02 3.265008e+02 -1 -1 -1 -1
108 -1 8.889450e+02 2.503354e+02 2.630587e+02 6.028209e+02 -1 -1 -1 -1
108 -1 7.362576e+02 1.668795e+02 1.206083e+02 3.769792e+02 -1 -1 -1 -1
108 -1 1.211846e+03 1.301087e+02 1.479440e+02 4.317634e+02 -1 -1 -1 -1
108 -1 1.250393e+03 9.240049e+02 2.251108e+02 9.368170e+01 -1 -1 -1 -1
108 -1 1.690078e+03 6.906954e+02 2.299218e+02 3.185383e+02 -1 -1 -1 -1
109 -1 6.811287e+02 1.629187e+02 1.634883e+02 3.922232e+02 -1 -1 -1 -1
109 -1 1.008341e+03 2.481852e+02 1.844417e+02 5.908105e+02 -1 -1 -1 -1
109 -1 1.184049e+03 1.280246e+02 1.420409e+02 4.040590e+02 -1 -1 -1 -1
109 -1 1.257273e+03 9.281927e+02 2.148914e+02 9.061053e+01 -1 -1 -1 -1
109 -1 1.695161e+03 7.122339e+02 2.162425e+02 3.117661e+02 -1 -1 -1 -1
109 -1 1.421483e+03 9.579433e+02 4.421310e+01 6.311975e+01 -1 -1 -1 -1
110 -1 1.055837e+03 2.464014e+02 2.277342e+02 5.868851e+02 -1 -1 -1 -1
110 -1 6.801942e+02 1.774942e+02 1.634501e+02 4.175025e+02 -1 -1 -1 -1
110 -1 1.186390e+03 1.212644e+02 1.010914e+02 3.827786e+02 -1 -1 -1 -1
110 -1 1.711939e+03 7.171116e+02 1.924489e+02 2.973018e+02 -1 -1 -1 -1
110 -1 1.264291e+03 9.375882e+02 1.914249e+02 8.412939e+01 -1 -1 -1 -1
111 -1 1.057806e+03 2.508870e+02 2.776756e+02 5.732613e+02 -1 -1 -1 -1
111 -1 6.805259e+02 1.762387e+02 1.504723e+02 4.243457e+02 -1 -1 -1 -1
111 -1 1.134644e+03 1.127495e+02 1.128323e+02 2.819270e+02 -1 -1 -1 -1
111 -1 1.711359e+03 6.956238e+02 2.016204e+02 3.182842e+02 -1 -1 -1 -1
111 -1 1.271564e+03 9.420008e+02 1.797590e+02 7.927454e+01 -1 -1 -1 -1
112 -1 1.157731e+03 2.483751e+02 2.348483e+02 5.499796e+02 -1 -1 -1 -1
112 -1 6.723607e+02 1.822682e+02 1.458048e+02 4.306410e+02 -1 -1 -1 -1
112 -1 1.060665e+03 1.134138e+02 1.368594e+02 3.618575e+02 -1 -1 -1 -1
112 -1 1.273495e+03 9.474229e+02 1.739818e+02 7.442743e+01 -1 -1 -1 -1
112 -1 1.700364e+03 7.073211e+02 2.150766e+02 3.141259e+02 -1 -1 -1 -1
113 -1 1.011329e+03 1.180219e+02 1.553160e+02 3.571037e+02 -1 -1 -1 -1
113 -1 1.139143e+03 2.363733e+02 3.936829e+02 5.750637e+02 -1 -1 -1 -1
113 -1 6.638104e+02 1.969354e+02 1.514104e+02 4.759089e+02 -1 -1 -1 -1
113 -1 1.698610e+03 6.879828e+02 2.165630e+02 3.271043e+02 -1 -1 -1 -1
113 -1 1.277794e+03 9.494848e+02 1.647224e+02 7.237775e+01 -1 -1 -1 -1
114 -1 6.552625e+02 2.005125e+02 1.622135e+02 4.604317e+02 -1 -1 -1 -1
114 -1 1.004452e+03 1.159858e+02 1.171458e+02 3.471220e+02 -1 -1 -1 -1
114 -1 1.224296e+03 2.294664e+02 2.754710e+02 5.751643e+02 -1 -1 -1 -1
114 -1 1.221682e+03 9.411481e+02 2.305126e+02 8.018127e+01 -1 -1 -1 -1
114 -1 1.697984e+03 6.867642e+02 2.201429e+02 3.339171e+02 -1 -1 -1 -1
115 -1 6.511335e+02 2.060275e+02 1.686098e+02 4.825462e+02 -1 -1 -1 -1
115 -1 1.266181e+03 2.244873e+02 2.185073e+02 5.284652e+02 -1 -1 -1 -1
115 -1 9.711657e+02 1.096706e+02 1.004462e+02 3.531557e+02 -1 -1 -1 -1
115 -1 1.260416e+03 9.439380e+02 1.881351e+02 7.648187e+01 -1 -1 -1 -1
115 -1 1.702098e+03 6.905884e+02 2.159145e+02 3.253448e+02 -1 -1 -1 -1
116 -1 8.976882e+02 1.239907e+02 1.621959e+02 3.405589e+02 -1 -1 -1 -1
116 -1 1.179592e+03 2.161360e+02 4.041712e+02 5.249118e+02 -1 -1 -1 -1
116 -1 6.721798e+02 2.235227e+02 1.541861e+02 5.097881e+02 -1 -1 -1 -1
116 -1 1.251226e+03 9.473213e+02 2.055384e+02 7.246783e+01 -1 -1 -1 -1
116 -1 1.701222e+03 7.011509e+02 2.187784e+02 3.141595e+02 -1 -1 -1 -1
117 -1 6.949971e+02 2.262055e+02 1.701936e+02 5.049335e+02 -1 -1 -1 -1
117 -1 1.255828e+03 2.115574e+02 2.389549e+02 5.088009e+02 -1 -1 -1 -1
117 -1 9.018825e+02 1.166891e+02 1.187662e+02 3.555930e+02 -1 -1 -1 -1
117 -1 1.726191e+03 6.943326e+02 1.920802e+02 3.201035e+02 -1 -1 -1 -1
117 -1 1.321917e+03 9.522602e+02 1.568992e+02 7.055542e+01 -1 -1 -1 -1
117 -1 1.221203e+03 9.561877e+02 1.004375e+02 6.622803e+01 -1 -1 -1 -1
117 -1 1.034705e+03 9.434645e+02 4.201105e+02 7.623187e+01 -1 -1 -1 -1
118 -1 1.288390e+03 1.946225e+02 2.063400e+02 4.838172e+02 -1 -1 -1 -1
118 -1 7.171329e+02 2.347020e+02 1.783998e+02 5.234720e+02 -1 -1 -1 -1
118 -1 8.546989e+02 1.110173e+02 1.238965e+02 3.780320e+02 -1 -1 -1 -1
118 -1 1.745725e+03 7.209106e+02 1.742745e+02 2.951626e+02 -1 -1 -1 -1
118 -1 1.314298e+03 9.576779e+02 1.633743e+02 6.528619e+01 -1 -1 -1 -1
119 -1 7.605156e+02 2.479660e+02 2.003400e+02 5.401300e+02 -1 -1 -1 -1
119 -1 1.228379e+03 1.941350e+02 2.532584e+02 4.813705e+02 -1 -1 -1 -1
119 -1 1.680146e+03 8.128411e+02 2.398540e+02 2.022938e+02 -1 -1 -1 -1
119 -1 8.489635e+02 1.109740e+02 1.005945e+02 3.378806e+02 -1 -1 -1 -1
120 -1 1.242834e+03 1.908573e+02 1.839150e+02 4.533833e+02 -1 -1 -1 -1
120 -1 8.221862e+02 2.472419e+02 1.692365e+02 5.370408e+02 -1 -1 -1 -1
120 -1 7.987607e+02 1.095236e+02 1.073534e+02 3.399161e+02 -1 -1 -1 -1
120 -1 1.741808e+03 8.146870e+02 1.749916e+02 2.023347e+02 -1 -1 -1 -1
121 -1 8.782637e+02 2.684287e+02 2.141803e+02 5.316497e+02 -1 -1 -1 -1
121 -1 1.222873e+03 1.710897e+02 1.784264e+02 4.422631e+02 -1 -1 -1 -1
121 -1 7.436688e+02 1.167083e+02 1.400233e+02 4.060645e+02 -1 -1 -1 -1
121 -1 1.726458e+03 8.239720e+02 1.901047e+02 1.900341e+02 -1 -1 -1 -1
121 -1 1.334641e+03 9.751725e+02 1.380814e+02 4.745306e+01 -1 -1 -1 -1
122 -1 8.916002e+02 2.540500e+02 2.244242e+02 5.462926e+02 -1 -1 -1 -1
122 -1 7.281017e+02 1.227537e+02 1.500316e+02 4.112668e+02 -1 -1 -1 -1
122 -1 1.180470e+03 1.701358e+02 1.968993e+02 4.344871e+02 -1 -1 -1 -1
122 -1 1.727718e+03 8.159464e+02 1.895563e+02 2.010523e+02 -1 -1 -1 -1
123 -1 9.943769e+02 2.548772e+02 1.531558e+02 5.299403e+02 -1 -1 -1 -1
123 -1 6.900707e+02 1.164079e+02 1.533722e+02 4.296872e+02 -1 -1 -1 -1
123 -1 1.218216e+03 1.698831e+02 1.474521e+02 4.146861e+02 -1 -1 -1 -1
123 -1 1.663305e+03 8.033413e+02 2.566949e+02 2.140273e+02 -1 -1 -1 -1
123 -1 1.169959e+03 6.896287e+02 1.960352e+02 3.320261e+02 -1 -1 -1 -1
123 -1 1.349194e+03 9.756051e+02 1.366740e+02 4.641571e+01 -1 -1 -1 -1
124 -1 6.478566e+02 1.237697e+02 1.650280e+02 4.516836e+02 -1 -1 -1 -1
124 -1 1.018355e+03 2.569037e+02 2.306122e+02 5.187571e+02 -1 -1 -1 -1
124 -1 1.191135e+03 1.573726e+02 1.352630e+02 4.013160e+02 -1 -1 -1 -1
124 -1 1.527271e+03 7.954155e+02 3.800315e+02 2.248004e+02 -1 -1 -1 -1
124 -1 1.270309e+03 7.285881e+02 6.101239e+02 2.921438e+02 -1 -1 -1 -1
124 -1 1.362356e+03 9.693557e+02 1.420729e+02 5.243707e+01 -1 -1 -1 -1
125 -1 6.340322e+02 1.347341e+02 1.727880e+02 4.453996e+02 -1 -1 -1 -1
125 -1 1.048823e+03 2.659865e+02 2.308788e+02 5.081296e+02 -1 -1 -1 -1
125 -1 1.373698e+03 7.325898e+02 4.883752e+02 2.775545e+02 -1 -1 -1 -1
125 -1 1.212502e+03 1.600498e+02 8.227730e+01 2.430432e+02 -1 -1 -1 -1
125 -1 1.539152e+03 7.951044e+02 3.765889e+02 2.278801e+02 -1 -1 -1 -1
125 -1 1.152328e+03 7.280298e+02 4.556207e+02 2.943878e+02 -1 -1 -1 -1
126 -1 6.212805e+02 1.356336e+02 1.942736e+02 4.643779e+02 -1 -1 -1 -1
126 -1 1.134119e+03 2.506867e+02 1.837404e+02 5.165469e+02 -1 -1 -1 -1
126 -1 1.385688e+03 7.353767e+02 5.125923e+02 2.651321e+02 -1 -1 -1 -1
126 -1 1.158490e+03 1.497846e+02 1.171699e+02 2.676680e+02 -1 -1 -1 -1
126 -1 1.220983e+03 7.231687e+02 3.489663e+02 2.866808e+02 -1 -1 -1 -1
126 -1 1.242862e+03 6.744443e+02 6.771378e+02 3.157778e+02 -1 -1 -1 -1
126 -1 1.157047e+03 1.673466e+02 1.351932e+02 3.688910e+02 -1 -1 -1 -1
126 -1 1.260139e+03 7.326674e+02 4.666940e+02 2.876928e+02 -1 -1 -1 -1
127 -1 6.231298e+02 1.431696e+02 1.953888e+02 4.814445e+02 -1 -1 -1 -1
127 -1 1.167742e+03 2.467851e+02 2.108512e+02 5.169373e+02 -1 -1 -1 -1
127 -1 1.133063e+03 1.517863e+02 1.148824e+02 3.778652e+02 -1 -1 -1 -1
127 -1 1.387797e+03 7.338212e+02 5.085995e+02 2.701570e+02 -1 -1 -1 -1
128 -1 1.237897e+03 2.406012e+02 1.789899e+02 5.006904e+02 -1 -1 -1 -1
128 -1 6.118702e+02 1.566268e+02 2.068291e+02 5.017736e+02 -1 -1 -1 -1
128 -1 1.089713e+03 1.496897e+02 1.203303e+02 3.709939e+02 -1 -1 -1 -1
128 -1 1.307633e+03 6.863524e+02 6.123672e+02 3.131212e+02 -1 -1 -1 -1
129 -1 5.971319e+02 1.549088e+02 2.275944e+02 5.291167e+02 -1 -1 -1 -1
129 -1 1.270184e+03 2.363496e+02 1.696424e+02 4.961800e+02 -1 -1 -1 -1
129 -1 1.068789e+03 1.370733e+02 1.029121e+02 3.559100e+02 -1 -1 -1 -1
129 -1 1.498060e+03 7.278331e+02 4.219401e+02 2.882677e+02 -1 -1 -1 -1
129 -1 1.349532e+03 9.645573e+02 1.572949e+02 5.816321e+01 -1 -1 -1 -1
130 -1 6.056469e+02 1.678455e+02 2.286354e+02 5.479344e+02 -1 -1 -1 -1
130 -1 1.021177e+03 1.460024e+02 1.279834e+02 3.450971e+02 -1 -1 -1 -1
130 -1 1.276561e+03 2.281518e+02 1.747849e+02 5.131765e+02 -1 -1 -1 -1
130 -1 1.408466e+03 6.923870e+02 5.115340e+02 3.131833e+02 -1 -1 -1 -1
130 -1 1.011636e+03 6.534124e+02 9.036566e+02 3.603920e+02 -1 -1 -1 -1
130 -1 1.322215e+03 9.671129e+02 1.819448e+02 5.688715e+01 -1 -1 -1 -1
130 -1 1.228671e+03 8.992073e+02 2.878088e+02 1.236330e+02 -1 -1 -1 -1
131 -1 6.629608e+02 1.801039e+02 1.977829e+02 5.820756e+02 -1 -1 -1 -1
131 -1 1.278135e+03 2.162319e+02 1.837830e+02 4.799956e+02 -1 -1 -1 -1
131 -1 9.781940e+02 1.527368e+02 1.612280e+02 3.350972e+02 -1 -1 -1 -1
131 -1 1.612928e+03 7.794205e+02 3.070723e+02 2.352585e+02 -1 -1 -1 -1
131 -1 1.076391e+03 9.234495e+02 4.099269e+02 9.829419e+01 -1 -1 -1 -1
132 -1 1.267454e+03 2.105173e+02 1.758002e+02 4.763794e+02 -1 -1 -1 -1
132 -1 7.096041e+02 1.927276e+02 1.894830e+02 5.772702e+02 -1 -1 -1 -1
132 -1 9.603480e+02 1.376785e+02 9.228813e+01 3.547158e+02 -1 -1 -1 -1
132 -1 1.677759e+03 7.811780e+02 2.399297e+02 2.246327e+02 -1 -1 -1 -1
132 -1 1.318190e+03 9.492155e+02 1.534250e+02 6.933545e+01 -1 -1 -1 -1
133 -1 7.460203e+02 2.023321e+02 2.310758e+02 6.188359e+02 -1 -1 -1 -1
133 -1 9.101161e+02 1.407091e+02 1.303027e+02 3.441386e+02 -1 -1 -1 -1
133 -1 1.273459e+03 2.036448e+02 1.477435e+02 4.540019e+02 -1 -1 -1 -1
133 -1 1.682059e+03 7.456880e+02 2.379414e+02 2.639794e+02 -1 -1 -1 -1
134 -1 1.231238e+03 1.903951e+02 1.599760e+02 4.175636e+02 -1 -1 -1 -1
134 -1 7.838888e+02 2.112142e+02 2.257635e+02 6.313108e+02 -1 -1 -1 -1
134 -1 1.762046e+03 8.051877e+02 1.485363e+02 2.069097e+02 -1 -1 -1 -1
134 -1 9.059097e+02 1.348115e+02 8.463970e+01 1.422050e+02 -1 -1 -1 -1
135 -1 1.215726e+03 1.885367e+02 1.527839e+02 4.180980e+02 -1 -1 -1 -1
135 -1 8.698985e+02 2.060678e+02 1.854131e+02 6.308132e+02 -1 -1 -1 -1
135 -1 8.525562e+02 1.350320e+02 1.190815e+02 2.141503e+02 -1 -1 -1 -1
135 -1 1.776911e+03 8.097647e+02 1.343587e+02 2.054340e+02 -1 -1 -1 -1
135 -1 1.303867e+03 9.438705e+02 1.521272e+02 7.717908e+01 -1 -1 -1 -1
136 -1 9.046917e+02 2.283980e+02 2.843881e+02 6.157017e+02 -1 -1 -1 -1
136 -1 1.201789e+03 1.807102e+02 1.351728e+02 3.983167e+02 -1 -1 -1 -1
136 -1 8.146904e+02 1.490722e+02 1.482796e+02 3.544459e+02 -1 -1 -1 -1
136 -1 1.786633e+03 7.879229e+02 1.308472e+02 2.213304e+02 -1 -1 -1 -1
136 -1 1.302775e+03 9.652917e+02 1.399933e+02 5.640430e+01 -1 -1 -1 -1
137 -1 9.757730e+02 2.259464e+02 2.490223e+02 6.314606e+02 -1 -1 -1 -1
137 -1 8.074115e+02 1.499030e+02 1.075502e+02 3.617866e+02 -1 -1 -1 -1
137 -1 1.189894e+03 1.739748e+02 1.148561e+02 3.677724e+02 -1 -1 -1 -1
137 -1 1.783823e+03 7.790988e+02 1.336100e+02 2.279492e+02 -1 -1 -1 -1
137 -1 1.294278e+03 9.630585e+02 1.677093e+02 5.860010e+01 -1 -1 -1 -1
138 -1 7.744164e+02 1.486633e+02 1.207753e+02 3.622692e+02 -1 -1 -1 -1
138 -1 1.106721e+03 1.742694e+02 1.756137e+02 6.801769e+02 -1 -1 -1 -1
138 -1 1.775815e+03 7.640193e+02 1.421340e+02 2.396935e+02 -1 -1 -1 -1
139 -1 1.110828e+03 2.305181e+02 2.690847e+02 5.971424e+02 -1 -1 -1 -1
139 -1 7.367212e+02 1.520854e+02 1.403831e+02 3.671360e+02 -1 -1 -1 -1
139 -1 1.127287e+03 1.619557e+02 1.119026e+02 3.530540e+02 -1 -1 -1 -1
139 -1 1.771384e+03 8.022168e+02 1.427911e+02 2.052397e+02 -1 -1 -1 -1
139 -1 1.275952e+03 9.569549e+02 1.758224e+02 6.588623e+01 -1 -1 -1 -1
140 -1 1.192987e+03 2.151911e+02 2.455096e+02 6.228882e+02 -1 -1 -1 -1
140 -1 6.930904e+02 1.443956e+02 1.491560e+02 3.955362e+02 -1 -1 -1 -1
140 -1 1.108109e+03 1.561443e+02 9.766914e+01 3.522580e+02 -1 -1 -1 -1
140 -1 1.763139e+03 7.606981e+02 1.561237e+02 2.495090e+02 -1 -1 -1 -1
140 -1 1.276941e+03 9.675286e+02 1.769236e+02 5.498694e+01 -1 -1 -1 -1
141 -1 1.060959e+03 1.562683e+02 1.238741e+02 3.432953e+02 -1 -1 -1 -1
141 -1 1.283699e+03 2.102245e+02 2.496098e+02 6.209047e+02 -1 -1 -1 -1
141 -1 6.449799e+02 1.494683e+02 1.837800e+02 4.143300e+02 -1 -1 -1 -1
141 -1 1.777090e+03 7.916962e+02 1.398832e+02 2.208379e+02 -1 -1 -1 -1
141 -1 1.273762e+03 9.660920e+02 1.637771e+02 5.649060e+01 -1 -1 -1 -1
142 -1 1.301047e+03 2.019807e+02 2.548737e+02 6.327259e+02 -1 -1 -1 -1
142 -1 6.480328e+02 1.557412e+02 1.616780e+02 4.177106e+02 -1 -1 -1 -1
142 -1 1.034766e+03 1.471326e+02 1.146428e+02 3.414307e+02 -1 -1 -1 -1
142 -1 1.775657e+03 7.779072e+02 1.404176e+02 2.394863e+02 -1 -1 -1 -1
142 -1 1.273593e+03 9.644752e+02 1.705971e+02 5.815021e+01 -1 -1 -1 -1
143 -1 9.980325e+02 1.415159e+02 1.438655e+02 3.373884e+02 -1 -1 -1 -1
143 -1 1.324762e+03 1.908546e+02 2.388712e+02 5.884985e+02 -1 -1 -1 -1
143 -1 6.190784e+02 1.574538e+02 2.070063e+02 4.154529e+02 -1 -1 -1 -1
143 -1 1.766499e+03 7.629678e+02 1.478558e+02 2.539525e+02 -1 -1 -1 -1
143 -1 1.277424e+03 9.617301e+02 1.706371e+02 6.056824e+01 -1 -1 -1 -1
144 -1 6.074048e+02 1.659485e+02 2.319188e+02 4.423553e+02 -1 -1 -1 -1
144 -1 9.753669e+02 1.511134e+02 1.486395e+02 3.313340e+02 -1 -1 -1 -1
144 -1 1.346115e+03 1.859336e+02 2.149894e+02 5.527600e+02 -1 -1 -1 -1
144 -1 1.274708e+03 9.582441e+02 1.556879e+02 6.405780e+01 -1 -1 -1 -1
144 -1 1.774133e+03 7.631461e+02 1.401443e+02 2.506690e+02 -1 -1 -1 -1
145 -1 1.347511e+03 1.749461e+02 2.132279e+02 5.654993e+02 -1 -1 -1 -1
145 -1 6.158697e+02 1.700188e+02 1.659296e+02 4.484460e+02 -1 -1 -1 -1
145 -1 9.553479e+02 1.431833e+02 1.130317e+02 3.400168e+02 -1 -1 -1 -1
145 -1 1.678583e+03 7.963254e+02 2.341058e+02 2.135529e+02 -1 -1 -1 -1
145 -1 1.265983e+03 9.560800e+02 1.589575e+02 6.626349e+01 -1 -1 -1 -1
146 -1 5.851299e+02 1.766722e+02 2.681498e+02 4.627562e+02 -1 -1 -1 -1
146 -1 1.317642e+03 1.682918e+02 2.204047e+02 5.185869e+02 -1 -1 -1 -1
146 -1 9.177470e+02 1.472854e+02 1.235905e+02 3.343770e+02 -1 -1 -1 -1
146 -1 1.632134e+03 8.390080e+02 2.878658e+02 1.805839e+02 -1 -1 -1 -1
146 -1 1.258441e+03 9.545589e+02 1.597726e+02 6.499664e+01 -1 -1 -1 -1
147 -1 5.948236e+02 1.873375e+02 2.714507e+02 5.022824e+02 -1 -1 -1 -1
147 -1 1.301330e+03 1.692738e+02 2.194304e+02 4.931869e+02 -1 -1 -1 -1
147 -1 9.016354e+02 1.563231e+02 1.348018e+02 3.229808e+02 -1 -1 -1 -1
147 -1 1.582697e+03 8.330317e+02 3.373029e+02 1.900955e+02 -1 -1 -1 -1
147 -1 1.224973e+03 9.118635e+02 2.958733e+02 1.110167e+02 -1 -1 -1 -1
148 -1 6.342743e+02 1.894273e+02 1.710340e+02 5.088624e+02 -1 -1 -1 -1
148 -1 1.292517e+03 1.623152e+02 1.858946e+02 4.932240e+02 -1 -1 -1 -1
148 -1 8.496856e+02 1.485099e+02 1.612440e+02 3.379623e+02 -1 -1 -1 -1
148 -1 1.549762e+03 8.275955e+02 3.702381e+02 1.963826e+02 -1 -1 -1 -1
148 -1 1.245328e+03 9.190956e+02 2.946199e+02 1.032340e+02 -1 -1 -1 -1
148 -1 1.269253e+03 9.546166e+02 1.720942e+02 6.781842e+01 -1 -1 -1 -1
149 -1 6.079589e+02 1.973622e+02 3.022702e+02 5.394543e+02 -1 -1 -1 -1
149 -1 1.264359e+03 1.461983e+02 1.836296e+02 4.602957e+02 -1 -1 -1 -1
149 -1 8.047281e+02 1.531705e+02 2.017069e+02 3.337102e+02 -1 -1 -1 -1
149 -1 1.551642e+03 8.229752e+02 3.683580e+02 2.010248e+02 -1 -1 -1 -1
150 -1 6.325502e+02 2.168246e+02 2.672042e+02 5.528236e+02 -1 -1 -1 -1
150 -1 1.232755e+03 1.529942e+02 1.966599e+02 4.315045e+02 -1 -1 -1 -1
150 -1 8.183581e+02 1.538255e+02 1.449827e+02 3.475967e+02 -1 -1 -1 -1
150 -1 1.574143e+03 8.100345e+02 3.458568e+02 2.139655e+02 -1 -1 -1 -1
151 -1 1.225748e+03 1.453032e+02 1.771307e+02 4.393582e+02 -1 -1 -1 -1
151 -1 6.601640e+02 2.254230e+02 1.939473e+02 5.651390e+02 -1 -1 -1 -1
151 -1 8.016472e+02 1.559018e+02 1.117773e+02 3.506165e+02 -1 -1 -1 -1
151 -1 1.272798e+03 9.543822e+02 1.534820e+02 6.756207e+01 -1 -1 -1 -1
151 -1 1.780259e+03 8.111012e+02 1.386019e+02 2.111586e+02 -1 -1 -1 -1
152 -1 6.666698e+02 2.302849e+02 2.655779e+02 5.761839e+02 -1 -1 -1 -1
152 -1 1.221051e+03 1.295342e+02 1.525188e+02 4.035196e+02 -1 -1 -1 -1
152 -1 1.293504e+03 9.546460e+02 1.435767e+02 6.637476e+01 -1 -1 -1 -1
152 -1 7.664495e+02 1.522391e+02 1.036893e+02 1.915364e+02 -1 -1 -1 -1
152 -1 1.790979e+03 8.071665e+02 1.290208e+02 2.042949e+02 -1 -1 -1 -1
153 -1 7.064440e+02 2.416373e+02 2.362289e+02 5.814126e+02 -1 -1 -1 -1
153 -1 1.185717e+03 1.294881e+02 1.661115e+02 4.078072e+02 -1 -1 -1 -1
153 -1 1.291700e+03 9.533480e+02 1.425277e+02 6.834161e+01 -1 -1 -1 -1
153 -1 7.561083e+02 1.595270e+02 1.052268e+02 1.728895e+02 -1 -1 -1 -1
153 -1 1.806692e+03 8.000412e+02 1.109740e+02 2.191519e+02 -1 -1 -1 -1
154 -1 1.166930e+03 1.278383e+02 1.401098e+02 3.918311e+02 -1 -1 -1 -1
154 -1 7.608134e+02 2.645719e+02 1.943449e+02 5.748199e+02 -1 -1 -1 -1
154 -1 6.783097e+02 1.646259e+02 1.703605e+02 3.108029e+02 -1 -1 -1 -1
154 -1 1.290025e+03 9.527333e+02 1.442949e+02 6.846820e+01 -1 -1 -1 -1
154 -1 1.797271e+03 7.969150e+02 1.200222e+02 2.183375e+02 -1 -1 -1 -1
155 -1 6.595420e+02 1.679249e+02 2.088189e+02 4.157785e+02 -1 -1 -1 -1
155 -1 1.140196e+03 1.196239e+02 1.339554e+02 3.754089e+02 -1 -1 -1 -1
155 -1 8.385282e+02 2.695262e+02 1.726633e+02 5.953329e+02 -1 -1 -1 -1
155 -1 1.285439e+03 9.513960e+02 1.463926e+02 6.909027e+01 -1 -1 -1 -1
155 -1 1.790996e+03 8.070272e+02 1.283379e+02 2.149792e+02 -1 -1 -1 -1
156 -1 8.527116e+02 2.895915e+02 2.646469e+02 5.752821e+02 -1 -1 -1 -1
156 -1 6.690530e+02 1.748546e+02 1.489643e+02 4.153110e+02 -1 -1 -1 -1
156 -1 1.086395e+03 1.211598e+02 1.495617e+02 3.637752e+02 -1 -1 -1 -1
156 -1 1.290175e+03 9.538030e+02 1.427435e+02 6.687708e+01 -1 -1 -1 -1
156 -1 1.759265e+03 8.084193e+02 1.603342e+02 2.114340e+02 -1 -1 -1 -1
157 -1 8.986872e+02 2.690570e+02 2.229446e+02 6.065119e+02 -1 -1 -1 -1
157 -1 6.690970e+02 1.831210e+02 1.213125e+02 4.124901e+02 -1 -1 -1 -1
157 -1 1.094126e+03 1.298204e+02 1.125421e+02 3.614078e+02 -1 -1 -1 -1
157 -1 1.288055e+03 9.502092e+02 1.507633e+02 6.882184e+01 -1 -1 -1 -1
157 -1 1.765234e+03 8.007831e+02 1.504809e+02 2.149546e+02 -1 -1 -1 -1
158 -1 9.752292e+02 2.686666e+02 3.119646e+02 5.844690e+02 -1 -1 -1 -1
158 -1 6.497503e+02 1.839620e+02 1.342600e+02 4.587378e+02 -1 -1 -1 -1
158 -1 1.044077e+03 1.102863e+02 8.195274e+01 2.362990e+02 -1 -1 -1 -1
158 -1 1.285567e+03 9.525387e+02 1.545216e+02 6.853412e+01 -1 -1 -1 -1
158 -1 1.760902e+03 8.061072e+02 1.547884e+02 2.126116e+02 -1 -1 -1 -1
159 -1 1.017205e+03 2.767570e+02 3.281541e+02 5.857205e+02 -1 -1 -1 -1
159 -1 6.234381e+02 1.872976e+02 1.952685e+02 4.654755e+02 -1 -1 -1 -1
159 -1 9.674376e+02 1.144917e+02 1.174216e+02 3.531744e+02 -1 -1 -1 -1
159 -1 1.764786e+03 8.224944e+02 1.507175e+02 1.975721e+02 -1 -1 -1 -1
159 -1 1.282316e+03 9.546839e+02 1.566305e+02 6.747351e+01 -1 -1 -1 -1
160 -1 1.094698e+03 2.476818e+02 2.079968e+02 5.871018e+02 -1 -1 -1 -1
160 -1 9.167128e+02 1.148894e+02 1.568785e+02 3.470519e+02 -1 -1 -1 -1
160 -1 6.224488e+02 1.938349e+02 2.189643e+02 4.777396e+02 -1 -1 -1 -1
160 -1 1.280741e+03 9.523143e+02 1.535181e+02 6.889172e+01 -1 -1 -1 -1
160 -1 1.760321e+03 8.244492e+02 1.596787e+02 1.914072e+02 -1 -1 -1 -1
161 -1 1.135890e+03 2.539979e+02 2.718027e+02 5.522137e+02 -1 -1 -1 -1
161 -1 6.397556e+02 2.167040e+02 1.671513e+02 5.175197e+02 -1 -1 -1 -1
161 -1 9.090084e+02 1.143810e+02 1.329227e+02 3.492899e+02 -1 -1 -1 -1
161 -1 1.280376e+03 9.536295e+02 1.557818e+02 6.776422e+01 -1 -1 -1 -1
161 -1 1.766317e+03 8.306790e+02 1.536834e+02 1.852700e+02 -1 -1 -1 -1
162 -1 1.162768e+03 2.471009e+02 2.660712e+02 5.400253e+02 -1 -1 -1 -1
162 -1 6.693622e+02 2.273036e+02 1.621576e+02 5.096401e+02 -1 -1 -1 -1
162 -1 8.600205e+02 1.156200e+02 1.184861e+02 3.537860e+02 -1 -1 -1 -1
162 -1 1.278550e+03 9.528432e+02 1.571706e+02 6.806067e+01 -1 -1 -1 -1
162 -1 1.782021e+03 8.420385e+02 1.372730e+02 1.819615e+02 -1 -1 -1 -1
163 -1 1.234679e+03 2.276331e+02 2.436303e+02 5.584090e+02 -1 -1 -1 -1
163 -1 6.854872e+02 2.390979e+02 2.244261e+02 5.432988e+02 -1 -1 -1 -1
163 -1 8.409025e+02 1.127531e+02 1.309314e+02 3.645358e+02 -1 -1 -1 -1
163 -1 1.275986e+03 9.519651e+02 1.597240e+02 6.929053e+01 -1 -1 -1 -1
163 -1 1.776187e+03 8.440596e+02 1.364717e+02 1.797386e+02 -1 -1 -1 -1
164 -1 7.319566e+02 2.392759e+02 2.163398e+02 5.837159e+02 -1 -1 -1 -1
164 -1 1.211975e+03 2.215780e+02 3.007265e+02 5.580061e+02 -1 -1 -1 -1
164 -1 8.157327e+02 1.043289e+02 1.024861e+02 3.402134e+02 -1 -1 -1 -1
164 -1 1.275812e+03 9.507606e+02 1.607501e+02 7.039038e+01 -1 -1 -1 -1
164 -1 1.781925e+03 8.460992e+02 1.354612e+02 1.779008e+02 -1 -1 -1 -1
165 -1 1.287941e+03 2.254265e+02 2.115717e+02 5.425054e+02 -1 -1 -1 -1
165 -1 7.828964e+02 2.484990e+02 1.712461e+02 5.939334e+02 -1 -1 -1 -1
165 -1 7.475648e+02 1.132840e+02 1.347910e+02 2.691648e+02 -1 -1 -1 -1
165 -1 1.279482e+03 9.476503e+02 1.506683e+02 7.081268e+01 -1 -1 -1 -1
165 -1 1.780809e+03 8.461283e+02 1.372945e+02 1.737582e+02 -1 -1 -1 -1
166 -1 8.528072e+02 2.682290e+02 1.716376e+02 5.593481e+02 -1 -1 -1 -1
166 -1 1.225084e+03 2.041561e+02 2.726374e+02 5.013857e+02 -1 -1 -1 -1
166 -1 7.128946e+02 1.206084e+02 1.466682e+02 4.062138e+02 -1 -1 -1 -1
166 -1 1.276611e+03 9.509003e+02 1.532817e+02 6.960248e+01 -1 -1 -1 -1
166 -1 1.781732e+03 8.459476e+02 1.366672e+02 1.780524e+02 -1 -1 -1 -1
167 -1 8.742666e+02 2.735611e+02 1.869525e+02 5.602227e+02 -1 -1 -1 -1
167 -1 1.195218e+03 2.024579e+02 2.966739e+02 5.044858e+02 -1 -1 -1 -1
167 -1 6.861135e+02 1.212529e+02 1.410377e+02 4.028796e+02 -1 -1 -1 -1
167 -1 1.779130e+03 8.474179e+02 1.386207e+02 1.765821e+02 -1 -1 -1 -1
167 -1 1.277821e+03 9.524149e+02 1.496851e+02 6.608911e+01 -1 -1 -1 -1
168 -1 9.701023e+02 2.736132e+02 1.763564e+02 5.681005e+02 -1 -1 -1 -1
168 -1 6.654575e+02 1.232561e+02 1.463338e+02 4.309189e+02 -1 -1 -1 -1
168 -1 1.261410e+03 1.783305e+02 1.839880e+02 4.839696e+02 -1 -1 -1 -1
168 -1 1.280581e+03 9.428124e+02 1.549883e+02 7.729602e+01 -1 -1 -1 -1
168 -1 1.779115e+03 8.449111e+02 1.369231e+02 1.790889e+02 -1 -1 -1 -1
169 -1 9.932328e+02 2.878818e+02 1.751404e+02 5.560825e+02 -1 -1 -1 -1
169 -1 1.254937e+03 1.957825e+02 1.720406e+02 4.546576e+02 -1 -1 -1 -1
169 -1 6.565511e+02 1.277589e+02 1.346266e+02 4.516695e+02 -1 -1 -1 -1
169 -1 1.778430e+03 8.463821e+02 1.393778e+02 1.723545e+02 -1 -1 -1 -1
169 -1 1.277154e+03 9.419558e+02 1.613351e+02 7.857257e+01 -1 -1 -1 -1
170 -1 1.041227e+03 2.924112e+02 2.258899e+02 5.414059e+02 -1 -1 -1 -1
170 -1 6.209704e+02 1.267076e+02 1.677386e+02 4.641776e+02 -1 -1 -1 -1
170 -1 1.236939e+03 1.829235e+02 1.815434e+02 4.654570e+02 -1 -1 -1 -1
170 -1 1.771890e+03 8.448591e+02 1.457300e+02 1.743813e+02 -1 -1 -1 -1
170 -1 5.803417e+02 2.187770e+02 5.186703e+01 1.857449e+02 -1 -1 -1 -1
171 -1 1.073081e+03 2.804318e+02 1.936697e+02 5.274479e+02 -1 -1 -1 -1
171 -1 5.947256e+02 1.420182e+02 1.903183e+02 4.782047e+02 -1 -1 -1 -1
171 -1 1.253284e+03 1.711047e+02 1.411329e+02 4.498574e+02 -1 -1 -1 -1
171 -1 1.777526e+03 8.430803e+02 1.383902e+02 1.797744e+02 -1 -1 -1 -1
172 -1 1.120637e+03 2.777510e+02 2.166721e+02 5.446433e+02 -1 -1 -1 -1
172 -1 5.961907e+02 1.431777e+02 1.829296e+02 5.130485e+02 -1 -1 -1 -1
172 -1 1.234652e+03 1.636817e+02 1.167993e+02 2.251112e+02 -1 -1 -1 -1
172 -1 1.768827e+03 8.412359e+02 1.505514e+02 1.780481e+02 -1 -1 -1 -1
173 -1 6.020024e+02 1.449301e+02 1.858934e+02 5.204771e+02 -1 -1 -1 -1
173 -1 1.184546e+03 2.810510e+02 2.223047e+02 5.207530e+02 -1 -1 -1 -1
173 -1 1.141323e+03 1.577318e+02 1.725206e+02 2.984233e+02 -1 -1 -1 -1
173 -1 1.764779e+03 8.388735e+02 1.550704e+02 1.810043e+02 -1 -1 -1 -1
174 -1 1.236484e+03 2.554224e+02 1.875101e+02 5.233846e+02 -1 -1 -1 -1
174 -1 6.046801e+02 1.573874e+02 2.000561e+02 5.269477e+02 -1 -1 -1 -1
174 -1 1.119708e+03 1.588062e+02 1.705641e+02 3.833329e+02 -1 -1 -1 -1
174 -1 1.763670e+03 8.370184e+02 1.563304e+02 1.824661e+02 -1 -1 -1 -1
175 -1 6.119152e+02 1.708949e+02 1.959124e+02 5.827746e+02 -1 -1 -1 -1
175 -1 1.232928e+03 2.412556e+02 2.144504e+02 5.393383e+02 -1 -1 -1 -1
175 -1 1.127929e+03 1.481977e+02 1.235305e+02 3.588667e+02 -1 -1 -1 -1
175 -1 1.768526e+03 8.352285e+02 1.486366e+02 1.847659e+02 -1 -1 -1 -1
175 -1 1.269753e+03 9.386850e+02 2.121513e+02 8.482715e+01 -1 -1 -1 -1
176 -1 6.302134e+02 1.724240e+02 2.333368e+02 5.981091e+02 -1 -1 -1 -1
176 -1 1.235272e+03 2.359953e+02 2.526517e+02 4.863229e+02 -1 -1 -1 -1
176 -1 1.061083e+03 1.447346e+02 1.499281e+02 3.517142e+02 -1 -1 -1 -1
176 -1 1.763330e+03 6.852152e+02 1.510018e+02 3.295494e+02 -1 -1 -1 -1
176 -1 1.272992e+03 9.254022e+02 1.979189e+02 9.467145e+01 -1 -1 -1 -1
177 -1 1.259257e+03 2.331456e+02 2.271213e+02 4.961445e+02 -1 -1 -1 -1
177 -1 6.632013e+02 1.998968e+02 2.699107e+02 6.037558e+02 -1 -1 -1 -1
177 -1 1.060146e+03 1.379413e+02 1.058521e+02 3.520699e+02 -1 -1 -1 -1
177 -1 1.765775e+03 7.109198e+02 1.540237e+02 3.000083e+02 -1 -1 -1 -1
178 -1 7.312661e+02 2.053192e+02 2.280518e+02 6.260110e+02 -1 -1 -1 -1
178 -1 1.003368e+03 1.315582e+02 1.300882e+02 3.545790e+02 -1 -1 -1 -1
178 -1 1.298061e+03 2.162265e+02 1.760188e+02 4.876716e+02 -1 -1 -1 -1
178 -1 1.764523e+03 7.153318e+02 1.515569e+02 2.999449e+02 -1 -1 -1 -1
178 -1 1.271389e+03 9.443148e+02 1.540622e+02 7.613458e+01 -1 -1 -1 -1
179 -1 1.283376e+03 2.016954e+02 1.685351e+02 4.567950e+02 -1 -1 -1 -1
179 -1 8.280100e+02 2.155695e+02 2.059386e+02 6.184693e+02 -1 -1 -1 -1
179 -1 1.006842e+03 1.388574e+02 1.080485e+02 3.419418e+02 -1 -1 -1 -1
179 -1 1.758396e+03 7.388604e+02 1.576758e+02 2.747275e+02 -1 -1 -1 -1
179 -1 1.276340e+03 9.487454e+02 1.536058e+02 7.225665e+01 -1 -1 -1 -1
180 -1 8.754905e+02 2.282492e+02 2.849858e+02 6.180236e+02 -1 -1 -1 -1
180 -1 1.275764e+03 2.061164e+02 1.555270e+02 4.430012e+02 -1 -1 -1 -1
180 -1 1.278612e+03 9.503339e+02 1.575089e+02 7.037708e+01 -1 -1 -1 -1
180 -1 9.726228e+02 1.333531e+02 8.670204e+01 1.162788e+02 -1 -1 -1 -1
180 -1 1.761996e+03 7.784869e+02 1.530382e+02 2.359113e+02 -1 -1 -1 -1
181 -1 9.101069e+02 2.243070e+02 2.605428e+02 6.323122e+02 -1 -1 -1 -1
181 -1 9.118891e+02 1.393556e+02 1.182224e+02 3.466952e+02 -1 -1 -1 -1
181 -1 1.267969e+03 2.012306e+02 1.507370e+02 4.085988e+02 -1 -1 -1 -1
181 -1 1.277198e+03 9.540171e+02 1.570672e+02 6.829242e+01 -1 -1 -1 -1
181 -1 1.762185e+03 7.865571e+02 1.541501e+02 2.303813e+02 -1 -1 -1 -1
182 -1 1.049124e+03 2.284343e+02 2.243610e+02 6.264670e+02 -1 -1 -1 -1
182 -1 1.244338e+03 1.844559e+02 1.434203e+02 4.030947e+02 -1 -1 -1 -1
182 -1 9.023087e+02 1.382341e+02 9.179953e+01 3.538265e+02 -1 -1 -1 -1
182 -1 1.292026e+03 9.550975e+02 1.398427e+02 6.626422e+01 -1 -1 -1 -1
182 -1 1.755560e+03 7.892278e+02 1.593761e+02 2.282784e+02 -1 -1 -1 -1
183 -1 1.066311e+03 2.255537e+02 2.738910e+02 6.178449e+02 -1 -1 -1 -1
183 -1 8.397721e+02 1.383313e+02 1.328303e+02 3.416231e+02 -1 -1 -1 -1
183 -1 1.256908e+03 1.757627e+02 1.125607e+02 3.634824e+02 -1 -1 -1 -1
183 -1 1.295680e+03 9.553026e+02 1.393728e+02 6.675800e+01 -1 -1 -1 -1
183 -1 1.758458e+03 7.736060e+02 1.554687e+02 2.440684e+02 -1 -1 -1 -1
183 -1 1.842835e+03 7.701487e+02 7.467155e+01 8.747400e+01 -1 -1 -1 -1
184 -1 1.158514e+03 2.217219e+02 2.342953e+02 5.994062e+02 -1 -1 -1 -1
184 -1 8.046915e+02 1.412728e+02 1.364248e+02 3.450691e+02 -1 -1 -1 -1
184 -1 1.767873e+03 7.581661e+02 1.452871e+02 2.607407e+02 -1 -1 -1 -1
184 -1 1.290080e+03 9.533998e+02 1.503522e+02 6.858453e+01 -1 -1 -1 -1
184 -1 1.220224e+03 1.663564e+02 8.162178e+01 1.649713e+02 -1 -1 -1 -1
185 -1 7.090532e+02 1.399124e+02 2.584335e+02 3.763795e+02 -1 -1 -1 -1
185 -1 1.232101e+03 2.014823e+02 2.045881e+02 5.990875e+02 -1 -1 -1 -1
185 -1 1.147081e+03 1.681438e+02 1.394673e+02 3.548815e+02 -1 -1 -1 -1
185 -1 1.774129e+03 7.498658e+02 1.403293e+02 2.619401e+02 -1 -1 -1 -1
185 -1 1.283327e+03 9.518061e+02 1.567559e+02 7.074884e+01 -1 -1 -1 -1
186 -1 1.235244e+03 2.097101e+02 2.357027e+02 5.833691e+02 -1 -1 -1 -1
186 -1 7.112313e+02 1.418837e+02 1.552059e+02 3.840957e+02 -1 -1 -1 -1
186 -1 1.122988e+03 1.652427e+02 1.318307e+02 3.565564e+02 -1 -1 -1 -1
186 -1 1.277758e+03 9.501398e+02 1.548791e+02 7.041388e+01 -1 -1 -1 -1
186 -1 1.782957e+03 7.803401e+02 1.313166e+02 2.294589e+02 -1 -1 -1 -1
187 -1 1.263176e+03 1.915393e+02 2.670630e+02 5.596212e+02 -1 -1 -1 -1
187 -1 6.803867e+02 1.442029e+02 1.687901e+02 3.901327e+02 -1 -1 -1 -1
187 -1 1.092265e+03 1.503227e+02 1.079839e+02 3.419013e+02 -1 -1 -1 -1
187 -1 1.275805e+03 9.497695e+02 1.588355e+02 7.064923e+01 -1 -1 -1 -1
187 -1 1.779888e+03 7.262178e+02 1.341900e+02 2.850112e+02 -1 -1 -1 -1
188 -1 1.288978e+03 1.893810e+02 2.413319e+02 5.522949e+02 -1 -1 -1 -1
188 -1 6.368330e+02 1.511277e+02 2.152007e+02 4.120663e+02 -1 -1 -1 -1
188 -1 1.010802e+03 1.615947e+02 1.526106e+02 3.214300e+02 -1 -1 -1 -1
188 -1 1.760105e+03 8.214125e+02 1.572478e+02 1.911229e+02 -1 -1 -1 -1
188 -1 1.279146e+03 9.480596e+02 1.499998e+02 7.254987e+01 -1 -1 -1 -1
189 -1 1.312345e+03 1.857593e+02 2.038797e+02 5.569267e+02 -1 -1 -1 -1
189 -1 1.003898e+03 1.528458e+02 1.590182e+02 3.304603e+02 -1 -1 -1 -1
189 -1 6.550323e+02 1.501646e+02 1.434188e+02 4.320381e+02 -1 -1 -1 -1
189 -1 1.691726e+03 8.201319e+02 2.282742e+02 2.023331e+02 -1 -1 -1 -1
189 -1 1.279520e+03 9.485899e+02 1.448236e+02 7.231793e+01 -1 -1 -1 -1
190 -1 1.289830e+03 1.689946e+02 2.065931e+02 4.943434e+02 -1 -1 -1 -1
190 -1 6.341861e+02 1.555477e+02 1.943272e+02 4.347388e+02 -1 -1 -1 -1
190 -1 1.002713e+03 1.535817e+02 9.595001e+01 3.212810e+02 -1 -1 -1 -1
190 -1 1.722238e+03 8.172684e+02 1.977621e+02 2.033073e+02 -1 -1 -1 -1
190 -1 1.274158e+03 9.460066e+02 1.471328e+02 7.520538e+01 -1 -1 -1 -1
191 -1 6.364733e+02 1.653559e+02 1.918775e+02 4.688541e+02 -1 -1 -1 -1
191 -1 9.104583e+02 1.517733e+02 1.540258e+02 3.144230e+02 -1 -1 -1 -1
191 -1 1.276666e+03 1.560976e+02 1.974728e+02 4.992019e+02 -1 -1 -1 -1
191 -1 1.717295e+03 8.130934e+02 2.027050e+02 2.062167e+02 -1 -1 -1 -1
191 -1 1.272466e+03 9.468654e+02 1.434414e+02 7.578430e+01 -1 -1 -1 -1
192 -1 6.437464e+02 1.721167e+02 1.947118e+02 4.844432e+02 -1 -1 -1 -1
192 -1 1.273666e+03 1.333726e+02 1.681295e+02 4.754404e+02 -1 -1 -1 -1
192 -1 9.068451e+02 1.460285e+02 1.080817e+02 3.302647e+02 -1 -1 -1 -1
192 -1 1.716168e+03 8.237977e+02 2.034819e+02 1.986806e+02 -1 -1 -1 -1
192 -1 1.273091e+03 9.447453e+02 1.427364e+02 7.707599e+01 -1 -1 -1 -1
193 -1 6.337250e+02 1.814226e+02 2.542418e+02 5.230907e+02 -1 -1 -1 -1
193 -1 1.252271e+03 1.387131e+02 1.666878e+02 4.319647e+02 -1 -1 -1 -1
193 -1 8.790474e+02 1.429705e+02 1.037791e+02 3.437727e+02 -1 -1 -1 -1
193 -1 1.727195e+03 8.268347e+02 1.902798e+02 1.910740e+02 -1 -1 -1 -1
193 -1 1.274308e+03 9.440461e+02 1.417884e+02 7.762982e+01 -1 -1 -1 -1
194 -1 8.357402e+02 1.534534e+02 1.311459e+02 3.251018e+02 -1 -1 -1 -1
194 -1 1.225265e+03 1.409371e+02 1.610355e+02 4.248884e+02 -1 -1 -1 -1
194 -1 6.536747e+02 1.974196e+02 1.755547e+02 5.308939e+02 -1 -1 -1 -1
194 -1 1.735500e+03 8.349077e+02 1.820762e+02 1.842697e+02 -1 -1 -1 -1
194 -1 1.271503e+03 9.427764e+02 1.437078e+02 7.925110e+01 -1 -1 -1 -1
195 -1 6.670166e+02 2.064153e+02 1.969353e+02 5.141003e+02 -1 -1 -1 -1
195 -1 1.198247e+03 1.365421e+02 1.504131e+02 4.107004e+02 -1 -1 -1 -1
195 -1 8.214356e+02 1.490938e+02 1.311107e+02 3.337085e+02 -1 -1 -1 -1
195 -1 1.734931e+03 8.385524e+02 1.826855e+02 1.808653e+02 -1 -1 -1 -1
195 -1 1.271244e+03 9.428223e+02 1.429005e+02 7.937250e+01 -1 -1 -1 -1
196 -1 7.011199e+02 2.149417e+02 1.827873e+02 5.413047e+02 -1 -1 -1 -1
196 -1 1.168047e+03 1.206173e+02 1.403050e+02 3.938338e+02 -1 -1 -1 -1
196 -1 1.727004e+03 8.450762e+02 1.895169e+02 1.745167e+02 -1 -1 -1 -1
196 -1 8.026110e+02 1.461852e+02 9.734310e+01 3.340230e+02 -1 -1 -1 -1
196 -1 1.271337e+03 9.434730e+02 1.419230e+02 7.919482e+01 -1 -1 -1 -1
197 -1 7.314114e+02 2.218893e+02 1.634957e+02 5.484501e+02 -1 -1 -1 -1
197 -1 1.125029e+03 1.262875e+02 1.405762e+02 3.829453e+02 -1 -1 -1 -1
197 -1 1.731491e+03 8.446570e+02 1.856552e+02 1.756375e+02 -1 -1 -1 -1
197 -1 7.598592e+02 1.538483e+02 9.217175e+01 1.702751e+02 -1 -1 -1 -1
197 -1 1.271325e+03 9.434383e+02 1.412135e+02 7.971545e+01 -1 -1 -1 -1
198 -1 7.443197e+02 2.501340e+02 1.978436e+02 5.476345e+02 -1 -1 -1 -1
198 -1 1.119389e+03 1.162179e+02 1.258401e+02 3.962146e+02 -1 -1 -1 -1
198 -1 7.192812e+02 1.530724e+02 1.147940e+02 3.128419e+02 -1 -1 -1 -1
198 -1 1.731079e+03 8.464914e+02 1.879504e+02 1.730689e+02 -1 -1 -1 -1
198 -1 1.271041e+03 9.433105e+02 1.406186e+02 7.981824e+01 -1 -1 -1 -1
199 -1 1.065628e+03 1.121219e+02 1.314205e+02 3.569981e+02 -1 -1 -1 -1
199 -1 6.726961e+02 1.567091e+02 1.460407e+02 3.979244e+02 -1 -1 -1 -1
199 -1 8.121204e+02 2.662176e+02 1.710591e+02 5.749474e+02 -1 -1 -1 -1
199 -1 1.727437e+03 8.415640e+02 1.906908e+02 1.819088e+02 -1 -1 -1 -1
199 -1 1.269758e+03 9.439997e+02 1.416595e+02 7.958527e+01 -1 -1 -1 -1
200 -1 8.812692e+02 2.564818e+02 2.320008e+02 5.852254e+02 -1 -1 -1 -1
200 -1 6.632418e+02 1.653235e+02 1.489122e+02 4.092167e+02 -1 -1 -1 -1
200 -1 1.033502e+03 1.174268e+02 1.328719e+02 3.565610e+02 -1 -1 -1 -1
200 -1 1.731206e+03 8.373238e+02 1.867564e+02 1.841933e+02 -1 -1 -1 -1
200 -1 1.270309e+03 9.441186e+02 1.411993e+02 7.957031e+01 -1 -1 -1 -1
201 -1 8.854257e+02 2.634033e+02 2.740601e+02 5.763554e+02 -1 -1 -1 -1
201 -1 6.611916e+02 1.688467e+02 1.420008e+02 4.072993e+02 -1 -1 -1 -1
201 -1 1.020854e+03 1.107742e+02 8.199440e+01 1.860711e+02 -1 -1 -1 -1
201 -1 1.728101e+03 8.370776e+02 1.916297e+02 1.847076e+02 -1 -1 -1 -1
201 -1 1.272118e+03 9.451599e+02 1.454697e+02 7.884009e+01 -1 -1 -1 -1
202 -1 6.467925e+02 1.793659e+02 1.460767e+02 4.448366e+02 -1 -1 -1 -1
202 -1 1.042640e+03 2.440292e+02 1.766579e+02 5.882642e+02 -1 -1 -1 -1
202 -1 9.650864e+02 1.123900e+02 1.096074e+02 3.506796e+02 -1 -1 -1 -1
202 -1 1.729317e+03 8.407305e+02 1.906828e+02 1.808271e+02 -1 -1 -1 -1
202 -1 1.253801e+03 9.456907e+02 1.650005e+02 7.641980e+01 -1 -1 -1 -1
203 -1 1.050144e+03 2.479611e+02 2.812287e+02 5.635681e+02 -1 -1 -1 -1
203 -1 9.035527e+02 1.198806e+02 1.496283e+02 3.367082e+02 -1 -1 -1 -1
203 -1 6.267599e+02 1.782619e+02 1.557995e+02 4.454425e+02 -1 -1 -1 -1
203 -1 1.728409e+03 8.465982e+02 1.905840e+02 1.730063e+02 -1 -1 -1 -1
203 -1 1.246509e+03 9.550324e+02 1.629424e+02 6.634613e+01 -1 -1 -1 -1
204 -1 9.107307e+02 1.160526e+02 1.310529e+02 3.464918e+02 -1 -1 -1 -1
204 -1 6.236509e+02 1.883266e+02 1.548705e+02 4.786091e+02 -1 -1 -1 -1
204 -1 1.131528e+03 2.498250e+02 2.535663e+02 5.742947e+02 -1 -1 -1 -1
204 -1 1.728716e+03 8.439292e+02 1.895805e+02 1.751382e+02 -1 -1 -1 -1
204 -1 1.253051e+03 9.632382e+02 1.520833e+02 5.900525e+01 -1 -1 -1 -1
205 -1 1.150092e+03 2.464418e+02 3.332801e+02 5.564364e+02 -1 -1 -1 -1
205 -1 6.287439e+02 2.092340e+02 1.556116e+02 4.961266e+02 -1 -1 -1 -1
205 -1 8.874997e+02 1.099735e+02 9.605072e+01 3.487210e+02 -1 -1 -1 -1
205 -1 1.726021e+03 8.404217e+02 1.907858e+02 1.782073e+02 -1 -1 -1 -1
206 -1 1.222484e+03 2.468227e+02 2.808099e+02 5.650902e+02 -1 -1 -1 -1
206 -1 6.393132e+02 2.091934e+02 1.614167e+02 4.895430e+02 -1 -1 -1 -1
206 -1 8.584848e+02 1.113835e+02 1.167499e+02 3.561222e+02 -1 -1 -1 -1
206 -1 1.725348e+03 8.350970e+02 1.935214e+02 1.850657e+02 -1 -1 -1 -1
207 -1 6.568854e+02 2.342908e+02 1.976411e+02 5.368432e+02 -1 -1 -1 -1
207 -1 1.253883e+03 2.284909e+02 2.570295e+02 5.267258e+02 -1 -1 -1 -1
207 -1 8.276697e+02 1.204007e+02 1.293894e+02 3.471185e+02 -1 -1 -1 -1
207 -1 1.726113e+03 8.369162e+02 1.916128e+02 1.830269e+02 -1 -1 -1 -1
208 -1 1.229430e+03 2.204645e+02 3.120323e+02 5.240800e+02 -1 -1 -1 -1
208 -1 6.840864e+02 2.416742e+02 1.667702e+02 5.434741e+02 -1 -1 -1 -1
208 -1 8.059994e+02 1.144027e+02 1.012886e+02 3.568656e+02 -1 -1 -1 -1
208 -1 1.726825e+03 8.358310e+02 1.907407e+02 1.848293e+02 -1 -1 -1 -1
209 -1 1.308429e+03 2.161665e+02 1.985202e+02 4.777348e+02 -1 -1 -1 -1
209 -1 7.308281e+02 2.440651e+02 1.897606e+02 5.410801e+02 -1 -1 -1 -1
209 -1 1.724771e+03 8.350457e+02 1.931992e+02 1.838555e+02 -1 -1 -1 -1
209 -1 7.847971e+02 1.133610e+02 9.598057e+01 1.969976e+02 -1 -1 -1 -1
210 -1 1.283981e+03 2.014471e+02 2.145291e+02 4.570226e+02 -1 -1 -1 -1
210 -1 7.396191e+02 2.641185e+02 2.578655e+02 5.274688e+02 -1 -1 -1 -1
210 -1 7.434538e+02 1.149068e+02 1.166589e+02 3.283531e+02 -1 -1 -1 -1
210 -1 1.728328e+03 8.392872e+02 1.900632e+02 1.800909e+02 -1 -1 -1 -1
210 -1 1.316694e+03 9.607076e+02 1.641925e+02 5.976257e+01 -1 -1 -1 -1
211 -1 1.255472e+03 2.003613e+02 2.181763e+02 4.789874e+02 -1 -1 -1 -1
211 -1 6.622060e+02 1.177547e+02 1.901163e+02 3.938954e+02 -1 -1 -1 -1
211 -1 8.241260e+02 2.596479e+02 1.745357e+02 5.487239e+02 -1 -1 -1 -1
211 -1 1.730902e+03 8.463672e+02 1.866195e+02 1.753151e+02 -1 -1 -1 -1
211 -1 1.317624e+03 9.604232e+02 1.626018e+02 5.977014e+01 -1 -1 -1 -1
212 -1 6.707290e+02 1.221306e+02 1.438011e+02 4.006194e+02 -1 -1 -1 -1
212 -1 9.175603e+02 2.685259e+02 1.693431e+02 5.564060e+02 -1 -1 -1 -1
212 -1 1.258847e+03 1.915512e+02 1.788453e+02 4.371938e+02 -1 -1 -1 -1
212 -1 1.728153e+03 8.447039e+02 1.918475e+02 1.784638e+02 -1 -1 -1 -1
212 -1 1.317842e+03 9.592856e+02 1.665974e+02 6.115240e+01 -1 -1 -1 -1
213 -1 9.129557e+02 2.697695e+02 2.778486e+02 5.586160e+02 -1 -1 -1 -1
213 -1 6.528948e+02 1.257778e+02 1.481645e+02 4.179310e+02 -1 -1 -1 -1
213 -1 1.177575e+03 1.787244e+02 2.223679e+02 4.308507e+02 -1 -1 -1 -1
213 -1 1.282557e+03 9.216039e+02 1.856122e+02 1.023961e+02 -1 -1 -1 -1
213 -1 1.723733e+03 8.448167e+02 1.916494e+02 1.791833e+02 -1 -1 -1 -1
213 -1 1.103497e+03 9.168287e+02 3.774207e+02 1.056426e+02 -1 -1 -1 -1
214 -1 9.874377e+02 2.775901e+02 2.401945e+02 5.634319e+02 -1 -1 -1 -1
214 -1 6.447680e+02 1.333215e+02 1.550569e+02 4.247979e+02 -1 -1 -1 -1
214 -1 1.170129e+03 1.755708e+02 2.108171e+02 4.287288e+02 -1 -1 -1 -1
214 -1 1.277500e+03 9.044069e+02 1.721317e+02 1.163643e+02 -1 -1 -1 -1
214 -1 1.730501e+03 8.535484e+02 1.879417e+02 1.694512e+02 -1 -1 -1 -1
215 -1 1.080130e+03 2.719807e+02 2.187827e+02 5.581986e+02 -1 -1 -1 -1
215 -1 6.245606e+02 1.286967e+02 1.615639e+02 4.366954e+02 -1 -1 -1 -1
215 -1 1.256957e+03 8.654149e+02 1.984573e+02 1.510724e+02 -1 -1 -1 -1
215 -1 1.728926e+03 8.506300e+02 1.879779e+02 1.729656e+02 -1 -1 -1 -1
215 -1 1.219542e+03 1.577279e+02 1.022351e+02 2.770139e+02 -1 -1 -1 -1
216 -1 1.096773e+03 2.783279e+02 2.680284e+02 5.560926e+02 -1 -1 -1 -1
216 -1 6.100030e+02 1.377082e+02 1.698129e+02 4.639076e+02 -1 -1 -1 -1
216 -1 1.111700e+03 1.503443e+02 1.607568e+02 3.763770e+02 -1 -1 -1 -1
216 -1 1.103926e+03 1.967391e+02 2.081085e+02 5.417625e+02 -1 -1 -1 -1
216 -1 1.728388e+03 8.452543e+02 1.916116e+02 1.774313e+02 -1 -1 -1 -1
216 -1 1.185218e+03 8.142988e+02 2.816057e+02 2.053560e+02 -1 -1 -1 -1
217 -1 1.062671e+03 1.600403e+02 1.732958e+02 3.695428e+02 -1 -1 -1 -1
217 -1 6.031000e+02 1.490611e+02 1.720998e+02 4.629313e+02 -1 -1 -1 -1
217 -1 1.228538e+03 2.523104e+02 1.633656e+02 5.297252e+02 -1 -1 -1 -1
217 -1 1.128588e+03 7.298847e+02 3.696668e+02 2.885336e+02 -1 -1 -1 -1
217 -1 1.725708e+03 8.506827e+02 1.917881e+02 1.725980e+02 -1 -1 -1 -1
218 -1 5.928070e+02 1.564148e+02 1.844020e+02 4.653716e+02 -1 -1 -1 -1
218 -1 1.059679e+03 1.491443e+02 1.216198e+02 3.643704e+02 -1 -1 -1 -1
218 -1 1.244708e+03 2.638144e+02 1.790659e+02 4.987438e+02 -1 -1 -1 -1
218 -1 1.099142e+03 6.632733e+02 3.642538e+02 3.551795e+02 -1 -1 -1 -1
218 -1 1.727547e+03 8.462764e+02 1.924525e+02 1.752658e+02 -1 -1 -1 -1
219 -1 5.906867e+02 1.552679e+02 1.960082e+02 4.710996e+02 -1 -1 -1 -1
219 -1 1.016286e+03 1.415420e+02 1.358938e+02 3.742072e+02 -1 -1 -1 -1
219 -1 1.131034e+03 5.754185e+02 3.055357e+02 4.368958e+02 -1 -1 -1 -1
219 -1 1.272801e+03 2.506857e+02 1.989462e+02 5.027241e+02 -1 -1 -1 -1
219 -1 1.728413e+03 8.447839e+02 1.915874e+02 1.770485e+02 -1 -1 -1 -1
220 -1 6.076020e+02 1.568334e+02 1.835904e+02 5.273692e+02 -1 -1 -1 -1
220 -1 1.148428e+03 4.837590e+02 3.067667e+02 5.298431e+02 -1 -1 -1 -1
220 -1 9.719983e+02 1.462804e+02 1.532009e+02 3.548947e+02 -1 -1 -1 -1
220 -1 1.297934e+03 2.386806e+02 2.107583e+02 3.285036e+02 -1 -1 -1 -1
220 -1 1.730671e+03 8.469860e+02 1.879749e+02 1.726331e+02 -1 -1 -1 -1
221 -1 6.324249e+02 1.570242e+02 1.728177e+02 5.364555e+02 -1 -1 -1 -1
221 -1 1.175201e+03 4.952365e+02 3.546059e+02 5.149545e+02 -1 -1 -1 -1
221 -1 9.786296e+02 1.411971e+02 1.033379e+02 3.433318e+02 -1 -1 -1 -1
221 -1 1.311987e+03 2.296122e+02 1.923628e+02 3.487665e+02 -1 -1 -1 -1
221 -1 1.730933e+03 8.430866e+02 1.878179e+02 1.771263e+02 -1 -1 -1 -1
222 -1 6.628009e+02 1.665703e+02 2.028748e+02 5.484308e+02 -1 -1 -1 -1
222 -1 1.305039e+03 2.131643e+02 1.827292e+02 4.595614e+02 -1 -1 -1 -1
222 -1 9.233423e+02 1.359020e+02 1.262714e+02 3.537113e+02 -1 -1 -1 -1
222 -1 1.293584e+03 4.825373e+02 3.085696e+02 5.311443e+02 -1 -1 -1 -1
222 -1 1.729192e+03 8.427951e+02 1.883517e+02 1.757181e+02 -1 -1 -1 -1
222 -1 1.289060e+03 3.272282e+02 2.647007e+02 5.499093e+02 -1 -1 -1 -1
223 -1 6.847685e+02 1.759921e+02 2.165309e+02 5.543284e+02 -1 -1 -1 -1
223 -1 1.293594e+03 2.076996e+02 1.973096e+02 4.487315e+02 -1 -1 -1 -1
223 -1 8.940456e+02 1.391010e+02 1.440958e+02 3.485419e+02 -1 -1 -1 -1
223 -1 1.730728e+03 8.292036e+02 1.884210e+02 1.899749e+02 -1 -1 -1 -1
223 -1 1.346794e+03 4.620004e+02 2.993275e+02 5.619996e+02 -1 -1 -1 -1
224 -1 1.304085e+03 1.975482e+02 1.665292e+02 4.568372e+02 -1 -1 -1 -1
224 -1 7.431222e+02 1.753399e+02 1.789319e+02 5.643143e+02 -1 -1 -1 -1
224 -1 1.421817e+03 4.391750e+02 3.099838e+02 5.820105e+02 -1 -1 -1 -1
224 -1 8.874321e+02 1.405194e+02 9.798901e+01 3.508564e+02 -1 -1 -1 -1
224 -1 1.720746e+03 7.988404e+02 1.992542e+02 2.192241e+02 -1 -1 -1 -1
225 -1 1.298134e+03 1.923947e+02 1.478739e+02 4.250148e+02 -1 -1 -1 -1
225 -1 7.799822e+02 1.806110e+02 1.736865e+02 5.579087e+02 -1 -1 -1 -1
225 -1 1.451474e+03 4.251526e+02 3.550685e+02 5.988474e+02 -1 -1 -1 -1
225 -1 8.766733e+02 1.382033e+02 1.123243e+02 3.583555e+02 -1 -1 -1 -1
225 -1 1.711106e+03 7.805869e+02 2.084933e+02 2.376362e+02 -1 -1 -1 -1
226 -1 1.241178e+03 1.958067e+02 1.815765e+02 4.096969e+02 -1 -1 -1 -1
226 -1 8.230502e+02 1.577009e+02 2.108427e+02 5.690427e+02 -1 -1 -1 -1
226 -1 1.445931e+03 4.702148e+02 4.740690e+02 5.537852e+02 -1 -1 -1 -1
226 -1 8.328255e+02 1.436807e+02 7.250381e+01 1.644128e+02 -1 -1 -1 -1
226 -1 1.702078e+03 7.044113e+02 2.139924e+02 3.167689e+02 -1 -1 -1 -1
227 -1 8.573197e+02 1.922899e+02 2.254729e+02 5.465844e+02 -1 -1 -1 -1
227 -1 1.238634e+03 1.854638e+02 1.411164e+02 3.755702e+02 -1 -1 -1 -1
227 -1 7.819305e+02 1.486881e+02 1.200980e+02 3.637003e+02 -1 -1 -1 -1
227 -1 1.651911e+03 5.002258e+02 2.669254e+02 5.194317e+02 -1 -1 -1 -1
228 -1 9.437753e+02 1.896346e+02 1.872809e+02 5.461989e+02 -1 -1 -1 -1
228 -1 1.200793e+03 1.765443e+02 1.429552e+02 3.700537e+02 -1 -1 -1 -1
228 -1 6.977684e+02 1.438335e+02 2.390227e+02 3.893064e+02 -1 -1 -1 -1
228 -1 1.723495e+03 7.287326e+02 1.965055e+02 2.797023e+02 -1 -1 -1 -1
229 -1 6.827610e+02 1.517194e+02 1.828730e+02 4.003572e+02 -1 -1 -1 -1
229 -1 9.814696e+02 1.956777e+02 1.989478e+02 5.506087e+02 -1 -1 -1 -1
229 -1 1.178045e+03 1.757789e+02 1.243396e+02 3.716940e+02 -1 -1 -1 -1
229 -1 1.731084e+03 7.797114e+02 1.889156e+02 2.362722e+02 -1 -1 -1 -1
230 -1 9.836254e+02 2.049100e+02 2.678053e+02 5.326947e+02 -1 -1 -1 -1
230 -1 7.122542e+02 1.486337e+02 1.485982e+02 4.056664e+02 -1 -1 -1 -1
230 -1 1.173097e+03 1.651750e+02 1.056841e+02 3.461923e+02 -1 -1 -1 -1
230 -1 1.746140e+03 7.918531e+02 1.721553e+02 2.309573e+02 -1 -1 -1 -1
231 -1 1.039590e+03 1.776329e+02 2.539893e+02 5.803988e+02 -1 -1 -1 -1
231 -1 6.505673e+02 1.486645e+02 2.393100e+02 4.139914e+02 -1 -1 -1 -1
231 -1 1.730605e+03 8.063314e+02 1.893951e+02 2.095269e+02 -1 -1 -1 -1
232 -1 6.672418e+02 1.630274e+02 1.566854e+02 4.372106e+02 -1 -1 -1 -1
232 -1 1.117437e+03 1.985861e+02 2.247901e+02 5.439921e+02 -1 -1 -1 -1
232 -1 1.074133e+03 1.600069e+02 9.655495e+01 3.272382e+02 -1 -1 -1 -1
232 -1 1.725328e+03 8.300930e+02 1.934496e+02 1.921216e+02 -1 -1 -1 -1
233 -1 1.123460e+03 2.166421e+02 2.638000e+02 5.283996e+02 -1 -1 -1 -1
233 -1 6.479736e+02 1.642482e+02 1.976832e+02 4.364703e+02 -1 -1 -1 -1
233 -1 1.024090e+03 1.593377e+02 1.097878e+02 3.262534e+02 -1 -1 -1 -1
233 -1 1.723345e+03 8.470254e+02 1.945960e+02 1.736033e+02 -1 -1 -1 -1
234 -1 6.016814e+02 1.704960e+02 2.930502e+02 4.463801e+02 -1 -1 -1 -1
234 -1 9.644435e+02 1.545886e+02 1.634315e+02 3.314490e+02 -1 -1 -1 -1
234 -1 1.166058e+03 1.924465e+02 2.707315e+02 5.373657e+02 -1 -1 -1 -1
234 -1 1.722472e+03 8.486710e+02 1.941483e+02 1.720529e+02 -1 -1 -1 -1
235 -1 6.430591e+02 1.774418e+02 1.589141e+02 4.859982e+02 -1 -1 -1 -1
235 -1 1.246975e+03 1.996999e+02 2.324753e+02 5.350042e+02 -1 -1 -1 -1
235 -1 9.514034e+02 1.495821e+02 1.027293e+02 3.322507e+02 -1 -1 -1 -1
235 -1 1.733460e+03 8.295915e+02 1.838013e+02 1.937411e+02 -1 -1 -1 -1
236 -1 1.245503e+03 2.082032e+02 2.734605e+02 5.160555e+02 -1 -1 -1 -1
236 -1 6.370800e+02 1.719531e+02 2.267536e+02 4.904360e+02 -1 -1 -1 -1
236 -1 8.762702e+02 1.520318e+02 1.558849e+02 3.433859e+02 -1 -1 -1 -1
236 -1 1.729656e+03 8.210524e+02 1.872363e+02 2.017148e+02 -1 -1 -1 -1
237 -1 6.153494e+02 1.839703e+02 3.005477e+02 5.158363e+02 -1 -1 -1 -1
237 -1 1.268188e+03 2.165588e+02 2.772054e+02 5.149287e+02 -1 -1 -1 -1
237 -1 8.675925e+02 1.552945e+02 1.600481e+02 3.373171e+02 -1 -1 -1 -1
237 -1 1.727517e+03 8.191962e+02 1.905563e+02 2.048038e+02 -1 -1 -1 -1
238 -1 6.552768e+02 2.086106e+02 2.356983e+02 5.152273e+02 -1 -1 -1 -1
238 -1 1.353107e+03 2.150810e+02 2.259796e+02 5.165088e+02 -1 -1 -1 -1
238 -1 8.463970e+02 1.551470e+02 1.047124e+02 3.386360e+02 -1 -1 -1 -1
238 -1 1.728894e+03 8.063768e+02 1.911057e+02 2.120734e+02 -1 -1 -1 -1
239 -1 1.357945e+03 2.340453e+02 2.778442e+02 5.489080e+02 -1 -1 -1 -1
239 -1 6.714366e+02 2.012133e+02 2.143197e+02 5.365640e+02 -1 -1 -1 -1
239 -1 8.169271e+02 1.586321e+02 1.124347e+02 3.407236e+02 -1 -1 -1 -1
239 -1 1.760909e+03 7.875511e+02 1.540292e+02 2.265573e+02 -1 -1 -1 -1
240 -1 7.167780e+02 2.023377e+02 2.446567e+02 5.497938e+02 -1 -1 -1 -1
240 -1 1.373122e+03 2.294089e+02 3.313850e+02 5.763250e+02 -1 -1 -1 -1
240 -1 7.668452e+02 1.504735e+02 1.111161e+02 1.999699e+02 -1 -1 -1 -1
241 -1 7.542807e+02 2.249899e+02 2.163807e+02 5.336171e+02 -1 -1 -1 -1
241 -1 1.452287e+03 2.334912e+02 2.924755e+02 5.888969e+02 -1 -1 -1 -1
241 -1 7.207725e+02 1.580726e+02 1.283921e+02 4.280152e+02 -1 -1 -1 -1
241 -1 1.778042e+03 8.013394e+02 1.399729e+02 2.171005e+02 -1 -1 -1 -1
242 -1 1.480844e+03 2.372863e+02 2.957691e+02 6.736990e+02 -1 -1 -1 -1
242 -1 6.950096e+02 1.664525e+02 1.479814e+02 4.009628e+02 -1 -1 -1 -1
242 -1 8.499905e+02 2.142701e+02 1.440716e+02 5.609594e+02 -1 -1 -1 -1
242 -1 1.786398e+03 8.134716e+02 1.286147e+02 1.997833e+02 -1 -1 -1 -1
243 -1 8.903204e+02 2.283869e+02 2.214464e+02 5.454104e+02 -1 -1 -1 -1
243 -1 1.496113e+03 2.522156e+02 3.317567e+02 6.781397e+02 -1 -1 -1 -1
243 -1 6.912060e+02 1.665363e+02 1.310782e+02 4.061285e+02 -1 -1 -1 -1
243 -1 1.757986e+03 8.338625e+02 1.548660e+02 1.821658e+02 -1 -1 -1 -1
244 -1 1.571469e+03 2.569808e+02 3.126512e+02 7.248743e+02 -1 -1 -1 -1
244 -1 9.948102e+02 2.311980e+02 1.819114e+02 5.385555e+02 -1 -1 -1 -1
244 -1 6.625961e+02 1.857459e+02 1.499905e+02 4.595271e+02 -1 -1 -1 -1
244 -1 1.741047e+03 8.284301e+02 1.738525e+02 1.919630e+02 -1 -1 -1 -1
245 -1 1.036187e+03 2.338801e+02 2.833212e+02 5.363165e+02 -1 -1 -1 -1
245 -1 1.586548e+03 2.964387e+02 3.334521e+02 7.125878e+02 -1 -1 -1 -1
245 -1 6.536362e+02 1.814854e+02 1.465308e+02 4.586956e+02 -1 -1 -1 -1
245 -1 1.742982e+03 7.955645e+02 1.765260e+02 2.236361e+02 -1 -1 -1 -1
246 -1 1.586006e+03 3.057924e+02 3.339942e+02 7.147721e+02 -1 -1 -1 -1
246 -1 6.746008e+02 2.039615e+02 1.727614e+02 4.759531e+02 -1 -1 -1 -1
246 -1 1.157374e+03 2.076022e+02 1.858413e+02 5.414838e+02 -1 -1 -1 -1
246 -1 1.745803e+03 7.717686e+02 1.741970e+02 2.468242e+02 -1 -1 -1 -1
247 -1 1.158787e+03 2.382176e+02 2.623549e+02 4.991586e+02 -1 -1 -1 -1
247 -1 1.551536e+03 3.173411e+02 3.684643e+02 7.066589e+02 -1 -1 -1 -1
247 -1 7.166015e+02 2.077174e+02 1.419428e+02 4.763061e+02 -1 -1 -1 -1
247 -1 1.780085e+03 6.721629e+02 1.376452e+02 3.110283e+02 -1 -1 -1 -1
248 -1 1.540279e+03 3.129821e+02 3.797209e+02 6.994351e+02 -1 -1 -1 -1
248 -1 7.634759e+02 2.195716e+02 1.743892e+02 4.789515e+02 -1 -1 -1 -1
248 -1 1.255199e+03 2.649521e+02 2.427846e+02 4.610724e+02 -1 -1 -1 -1
248 -1 1.228248e+03 3.130675e+02 2.019882e+02 4.183757e+02 -1 -1 -1 -1
249 -1 1.322107e+03 2.525262e+02 2.186877e+02 4.898599e+02 -1 -1 -1 -1
249 -1 1.506577e+03 3.141859e+02 4.058961e+02 7.098141e+02 -1 -1 -1 -1
249 -1 7.694199e+02 2.155508e+02 2.252368e+02 4.945568e+02 -1 -1 -1 -1
249 -1 1.847574e+03 8.828027e+02 7.242622e+01 1.331066e+02 -1 -1 -1 -1
250 -1 1.328459e+03 2.539771e+02 2.645901e+02 5.288148e+02 -1 -1 -1 -1
250 -1 8.190205e+02 2.163420e+02 1.701458e+02 4.896862e+02 -1 -1 -1 -1
250 -1 1.470771e+03 3.291159e+02 3.905647e+02 6.948841e+02 -1 -1 -1 -1
250 -1 1.385446e+03 2.737109e+02 3.395535e+02 6.494410e+02 -1 -1 -1 -1
251 -1 9.064037e+02 2.215921e+02 1.339766e+02 4.850972e+02 -1 -1 -1 -1
251 -1 1.428183e+03 3.718481e+02 3.690614e+02 6.521519e+02 -1 -1 -1 -1
251 -1 1.345488e+03 2.501605e+02 3.033501e+02 4.994877e+02 -1 -1 -1 -1
251 -1 1.391525e+03 3.082185e+02 3.283228e+02 5.918854e+02 -1 -1 -1 -1
251 -1 1.865543e+03 9.168899e+02 5.445740e+01 1.014423e+02 -1 -1 -1 -1
252 -1 9.109821e+02 2.332305e+02 2.063136e+02 4.716089e+02 -1 -1 -1 -1
252 -1 1.359056e+03 3.671803e+02 3.892175e+02 6.396797e+02 -1 -1 -1 -1
252 -1 1.858630e+03 9.295064e+02 6.136951e+01 9.016162e+01 -1 -1 -1 -1
252 -1 1.385591e+03 2.723933e+02 3.385638e+02 5.528796e+02 -1 -1 -1 -1
253 -1 1.232435e+03 3.554039e+02 3.959512e+02 6.510426e+02 -1 -1 -1 -1
253 -1 9.665701e+02 2.236985e+02 1.592679e+02 4.705369e+02 -1 -1 -1 -1
253 -1 1.553513e+03 2.714955e+02 2.087233e+02 6.099931e+02 -1 -1 -1 -1
253 -1 1.851486e+03 8.991411e+02 6.851372e+01 1.157208e+02 -1 -1 -1 -1
254 -1 1.488409e+03 3.055405e+02 3.260390e+02 6.459298e+02 -1 -1 -1 -1
254 -1 1.048915e+03 2.149214e+02 1.542375e+02 4.857841e+02 -1 -1 -1 -1
254 -1 1.200924e+03 3.884948e+02 3.125075e+02 6.238064e+02 -1 -1 -1 -1
254 -1 1.849583e+03 9.248026e+02 7.041721e+01 9.290344e+01 -1 -1 -1 -1
255 -1 1.070020e+03 4.540961e+02 3.479990e+02 5.699039e+02 -1 -1 -1 -1
255 -1 1.511179e+03 3.130295e+02 3.394551e+02 6.958295e+02 -1 -1 -1 -1
255 -1 1.051208e+03 2.291449e+02 1.961579e+02 4.569225e+02 -1 -1 -1 -1
255 -1 1.053912e+03 2.705669e+02 2.759205e+02 5.671868e+02 -1 -1 -1 -1
255 -1 1.847587e+03 9.309115e+02 7.241203e+01 8.798993e+01 -1 -1 -1 -1
256 -1 1.511769e+03 3.382123e+02 4.026636e+02 6.857877e+02 -1 -1 -1 -1
256 -1 9.970295e+02 5.740618e+02 3.818406e+02 4.499382e+02 -1 -1 -1 -1
256 -1 1.183254e+03 2.363462e+02 1.412336e+02 4.593795e+02 -1 -1 -1 -1
256 -1 1.853508e+03 9.210999e+02 6.649155e+01 9.882581e+01 -1 -1 -1 -1
257 -1 1.509384e+03 3.608776e+02 4.062632e+02 6.615190e+02 -1 -1 -1 -1
257 -1 1.178288e+03 2.523717e+02 2.521431e+02 4.875660e+02 -1 -1 -1 -1
257 -1 9.832236e+02 7.903581e+02 3.393182e+02 2.336419e+02 -1 -1 -1 -1
257 -1 1.854320e+03 9.398718e+02 6.567993e+01 7.899817e+01 -1 -1 -1 -1
258 -1 1.493731e+03 3.702453e+02 3.757858e+02 6.516106e+02 -1 -1 -1 -1
258 -1 1.242244e+03 2.546205e+02 2.546615e+02 4.964644e+02 -1 -1 -1 -1
258 -1 1.039160e+03 8.485474e+02 2.724985e+02 1.754526e+02 -1 -1 -1 -1
258 -1 1.854214e+03 9.329431e+02 6.578568e+01 8.274493e+01 -1 -1 -1 -1
259 -1 1.374639e+03 2.683094e+02 2.073518e+02 5.338355e+02 -1 -1 -1 -1
259 -1 1.443849e+03 3.791328e+02 3.408714e+02 6.448672e+02 -1 -1 -1 -1
259 -1 1.084920e+03 8.600728e+02 2.303629e+02 1.605837e+02 -1 -1 -1 -1
259 -1 1.852261e+03 9.248831e+02 6.773861e+01 9.302203e+01 -1 -1 -1 -1
260 -1 1.375409e+03 3.825397e+02 3.392306e+02 5.960384e+02 -1 -1 -1 -1
260 -1 1.371021e+03 2.884193e+02 3.094585e+02 5.085835e+02 -1 -1 -1 -1
260 -1 1.105522e+03 8.299886e+02 2.394486e+02 1.921169e+02 -1 -1 -1 -1
260 -1 1.854673e+03 9.287817e+02 6.532722e+01 8.936603e+01 -1 -1 -1 -1
260 -1 1.368501e+03 3.390722e+02 2.153089e+02 4.350753e+02 -1 -1 -1 -1
260 -1 1.432550e+03 2.751924e+02 2.337447e+02 4.144375e+02 -1 -1 -1 -1
261 -1 1.282836e+03 3.929575e+02 4.151287e+02 6.216854e+02 -1 -1 -1 -1
261 -1 1.086409e+03 8.203699e+02 2.464584e+02 2.034992e+02 -1 -1 -1 -1
261 -1 1.579448e+03 2.994582e+02 1.693776e+02 3.028133e+02 -1 -1 -1 -1
261 -1 1.852460e+03 9.431747e+02 6.753960e+01 7.718390e+01 -1 -1 -1 -1
