1 1 -1 -1 -1 -1 -1 2.31452 0.60232 0.88561 0.46110 0.46110 0.88799
2 1 -1 -1 -1 -1 -1 2.35388 0.58655 0.86601 0.48010 0.48010 0.93123
3 1 -1 -1 -1 -1 -1 2.42297 0.56578 0.84468 0.49936 0.49936 0.93345
4 1 -1 -1 -1 -1 -1 2.52456 0.54139 0.82762 0.51305 0.51305 0.93765
5 1 -1 -1 -1 -1 -1 2.64970 0.51496 0.81815 0.52230 0.52230 0.95121
6 1 -1 -1 -1 -1 -1 2.79204 0.49041 0.81236 0.52949 0.52949 0.95622
7 1 -1 -1 -1 -1 -1 2.94627 0.47533 0.80690 0.53895 0.53895 0.98119
8 1 -1 -1 -1 -1 -1 3.11079 0.47190 0.80023 0.53562 0.53562 0.99856
9 1 -1 -1 -1 -1 -1 3.28614 0.47273 0.79213 0.52604 0.52604 0.96489
10 1 -1 -1 -1 -1 -1 3.46875 0.46712 0.78632 0.51532 0.51532 0.96915
11 1 -1 -1 -1 -1 -1 3.65884 0.45043 0.78563 0.49466 0.49466 0.98653
12 1 -1 -1 -1 -1 -1 3.86192 0.42912 0.78709 0.47402 0.47402 0.98818
13 1 -1 -1 -1 -1 -1 4.07638 0.41389 0.78507 0.46516 0.46516 0.99665
14 1 -1 -1 -1 -1 -1 4.29071 0.41055 0.77880 0.44869 0.44869 1.00006
15 1 -1 -1 -1 -1 -1 4.49499 0.42201 0.77401 0.42295 0.42295 0.98679
16 1 -1 -1 -1 -1 -1 4.69017 0.45014 0.77791 0.40238 0.40238 0.98173
17 1 -1 -1 -1 -1 -1 4.87831 0.49939 0.79127 0.39381 0.39381 1.00385
18 1 -1 -1 -1 -1 -1 5.05183 0.58009 0.80603 0.39885 0.39885 1.00640
19 1 -1 -1 -1 -1 -1 5.19846 0.69557 0.81471 0.39363 0.39363 0.98752
20 1 -1 -1 -1 -1 -1 5.31025 0.83616 0.81746 0.38138 0.38138 0.96743
21 1 -1 -1 -1 -1 -1 5.38949 0.99579 0.81819 0.38367 0.38367 0.96635
22 1 -1 -1 -1 -1 -1 5.44350 1.17250 0.81817 0.38124 0.38124 0.98942
23 1 -1 -1 -1 -1 -1 5.47406 1.35550 0.81729 0.37276 0.37276 0.99039
24 1 -1 -1 -1 -1 -1 5.48442 1.54288 0.81882 0.38371 0.38371 0.97562
25 1 -1 -1 -1 -1 -1 5.48370 1.74243 0.82525 0.36261 0.36261 0.98641
26 1 -1 -1 -1 -1 -1 5.46973 1.94419 0.83300 0.39819 0.39819 0.99221
27 1 -1 -1 -1 -1 -1 5.43327 2.13105 0.83801 0.42194 0.42194 0.98765
28 1 -1 -1 -1 -1 -1 5.37599 2.29600 0.84012 0.44420 0.44420 0.98132
29 1 -1 -1 -1 -1 -1 5.29986 2.44155 0.84027 0.47905 0.47905 0.96106
30 1 -1 -1 -1 -1 -1 5.19985 2.57733 0.84050 0.50896 0.50896 0.95436
31 1 -1 -1 -1 -1 -1 5.07887 2.70054 0.83995 0.52641 0.52641 0.97834
32 1 -1 -1 -1 -1 -1 4.94264 2.79583 0.83475 0.53864 0.53864 0.97477
33 1 -1 -1 -1 -1 -1 4.78892 2.85919 0.83031 0.54655 0.54655 0.97388
34 1 -1 -1 -1 -1 -1 4.62292 2.89656 0.83189 0.56699 0.56699 0.98413
35 1 -1 -1 -1 -1 -1 4.45285 2.91487 0.83265 0.57552 0.57552 0.97504
36 1 -1 -1 -1 -1 -1 4.27391 2.92014 0.82882 0.58118 0.58118 0.97377
37 1 -1 -1 -1 -1 -1 4.08229 2.91302 0.82123 0.58770 0.58770 0.98324
37 35 -1 -1 -1 -1 -1 2.47094 0.74560 0.75050 0.42469 0.42469 0.83539
38 1 -1 -1 -1 -1 -1 3.88372 2.88832 0.81021 0.59548 0.59548 0.97772
38 35 -1 -1 -1 -1 -1 2.62510 0.71196 0.74182 0.43846 0.43846 0.79679
39 1 -1 -1 -1 -1 -1 3.68325 2.83966 0.80120 0.60067 0.60067 0.97444
39 35 -1 -1 -1 -1 -1 2.80299 0.67097 0.73296 0.45186 0.45186 0.82035
40 1 -1 -1 -1 -1 -1 3.48258 2.76616 0.79987 0.60747 0.60747 0.95301
40 35 -1 -1 -1 -1 -1 2.99629 0.63061 0.72759 0.46461 0.46461 0.86581
41 1 -1 -1 -1 -1 -1 3.28315 2.67134 0.80411 0.61634 0.61634 0.96427
41 35 -1 -1 -1 -1 -1 3.20200 0.59960 0.72245 0.46899 0.46899 0.87212
42 1 -1 -1 -1 -1 -1 3.09181 2.55839 0.80878 0.62537 0.62537 0.95617
42 35 -1 -1 -1 -1 -1 3.41891 0.58339 0.71845 0.47076 0.47076 0.88467
43 1 -1 -1 -1 -1 -1 2.92578 2.43273 0.81536 0.63245 0.63245 0.94747
43 35 -1 -1 -1 -1 -1 3.64263 0.57729 0.71446 0.45591 0.45591 0.89762
44 1 -1 -1 -1 -1 -1 2.80131 2.30312 0.82395 0.63776 0.63776 0.97380
44 35 -1 -1 -1 -1 -1 3.87046 0.57262 0.70902 0.44020 0.44020 0.88677
45 1 -1 -1 -1 -1 -1 2.71978 2.17628 0.83029 0.63974 0.63974 0.93113
45 35 -1 -1 -1 -1 -1 4.09998 0.57095 0.70409 0.42510 0.42510 0.91874
46 1 -1 -1 -1 -1 -1 2.67134 2.05344 0.83568 0.63803 0.63803 0.92924
46 35 -1 -1 -1 -1 -1 4.32446 0.58179 0.70230 0.42182 0.42182 0.93173
47 1 -1 -1 -1 -1 -1 2.64812 1.93153 0.83979 0.63579 0.63579 0.92836
47 35 -1 -1 -1 -1 -1 4.53245 0.61509 0.70539 0.42503 0.42503 0.93447
48 1 -1 -1 -1 -1 -1 2.64445 1.80602 0.83988 0.63716 0.63716 0.92509
48 35 -1 -1 -1 -1 -1 4.71276 0.68040 0.71140 0.41011 0.41011 0.93281
49 1 -1 -1 -1 -1 -1 2.65388 1.67072 0.83737 0.64893 0.64893 0.92584
49 35 -1 -1 -1 -1 -1 4.86360 0.78077 0.71707 0.37512 0.37512 0.93204
50 1 -1 -1 -1 -1 -1 2.67582 1.51796 0.83338 0.64426 0.64426 0.94303
50 35 -1 -1 -1 -1 -1 4.98988 0.90800 0.72092 0.34568 0.34568 0.93086
51 1 -1 -1 -1 -1 -1 2.71341 1.35461 0.82912 0.62991 0.62991 0.94519
51 35 -1 -1 -1 -1 -1 5.09348 1.05440 0.72353 0.34253 0.34253 0.91894
52 1 -1 -1 -1 -1 -1 2.76694 1.20395 0.82846 0.60860 0.60860 0.94075
52 35 -1 -1 -1 -1 -1 5.17326 1.22141 0.72676 0.34730 0.34730 0.92565
53 1 -1 -1 -1 -1 -1 2.83618 1.06920 0.83133 0.57201 0.57201 0.93613
53 35 -1 -1 -1 -1 -1 5.22814 1.40550 0.72967 0.33411 0.33411 0.93634
54 1 -1 -1 -1 -1 -1 2.91968 0.93907 0.83452 0.54832 0.54832 0.91691
54 35 -1 -1 -1 -1 -1 5.25612 1.58961 0.73432 0.33805 0.33805 0.90151
55 1 -1 -1 -1 -1 -1 3.01548 0.81715 0.83501 0.52973 0.52973 0.94076
55 35 -1 -1 -1 -1 -1 5.25936 1.76358 0.74493 0.34405 0.34405 0.90569
56 1 -1 -1 -1 -1 -1 3.12796 0.70499 0.82928 0.51970 0.51970 0.94497
56 35 -1 -1 -1 -1 -1 5.24189 1.92651 0.75504 0.36482 0.36482 0.91619
57 1 -1 -1 -1 -1 -1 3.26289 0.59724 0.81691 0.51541 0.51541 0.95528
57 35 -1 -1 -1 -1 -1 5.19686 2.07733 0.75482 0.39880 0.39880 0.89130
58 1 -1 -1 -1 -1 -1 3.41682 0.49975 0.80156 0.51433 0.51433 0.95940
58 35 -1 -1 -1 -1 -1 5.11809 2.22070 0.74635 0.42245 0.42245 0.87163
59 1 -1 -1 -1 -1 -1 3.58103 0.42485 0.79066 0.49472 0.49472 0.97141
59 35 -1 -1 -1 -1 -1 5.01583 2.35410 0.73988 0.44336 0.44336 0.85668
60 1 -1 -1 -1 -1 -1 3.75774 0.37637 0.78700 0.47508 0.47508 0.96902
60 35 -1 -1 -1 -1 -1 4.90115 2.46461 0.73837 0.46908 0.46908 0.89317
61 1 -1 -1 -1 -1 -1 3.95840 0.35075 0.78689 0.46758 0.46758 0.97925
61 35 -1 -1 -1 -1 -1 4.77690 2.54901 0.73811 0.49068 0.49068 0.88607
62 1 -1 -1 -1 -1 -1 4.18608 0.34623 0.78924 0.46723 0.46723 0.99780
62 35 -1 -1 -1 -1 -1 4.64317 2.61273 0.74063 0.51332 0.51332 0.88177
63 1 -1 -1 -1 -1 -1 4.42755 0.36779 0.79253 0.47272 0.47272 1.00129
63 35 -1 -1 -1 -1 -1 4.49508 2.65804 0.74539 0.52549 0.52549 0.90245
64 1 -1 -1 -1 -1 -1 4.65761 0.42073 0.79324 0.46219 0.46219 0.98111
64 35 -1 -1 -1 -1 -1 4.32899 2.68707 0.74586 0.52985 0.52985 0.89699
65 1 -1 -1 -1 -1 -1 4.85686 0.50089 0.79394 0.43046 0.43046 0.96898
65 35 -1 -1 -1 -1 -1 4.15114 2.71001 0.74285 0.52376 0.52376 0.88105
65 64 -1 -1 -1 -1 -1 2.27808 0.56188 0.76654 0.49598 0.49598 0.96241
66 1 -1 -1 -1 -1 -1 5.02482 0.60197 0.79905 0.40100 0.40100 0.97922
66 35 -1 -1 -1 -1 -1 3.97099 2.73632 0.74096 0.51002 0.51002 0.92426
66 64 -1 -1 -1 -1 -1 2.42528 0.56180 0.75981 0.51561 0.51561 0.96675
67 1 -1 -1 -1 -1 -1 5.16783 0.72376 0.80640 0.38649 0.38649 0.98430
67 35 -1 -1 -1 -1 -1 3.79130 2.76148 0.74123 0.50132 0.50132 0.89373
67 64 -1 -1 -1 -1 -1 2.61330 0.57003 0.75310 0.53659 0.53659 0.99341
68 1 -1 -1 -1 -1 -1 5.28517 0.86288 0.81299 0.38704 0.38704 0.97834
68 35 -1 -1 -1 -1 -1 3.60853 2.77243 0.74541 0.50320 0.50320 0.88731
68 64 -1 -1 -1 -1 -1 2.82839 0.57816 0.74565 0.54652 0.54652 0.93162
69 1 -1 -1 -1 -1 -1 5.37450 1.01375 0.81794 0.38453 0.38453 0.97001
69 35 -1 -1 -1 -1 -1 3.42393 2.75656 0.75201 0.51355 0.51355 0.87288
69 64 -1 -1 -1 -1 -1 3.05121 0.57434 0.74055 0.55622 0.55622 0.92795
70 1 -1 -1 -1 -1 -1 5.43866 1.17731 0.82074 0.37485 0.37485 0.96201
70 35 -1 -1 -1 -1 -1 3.25046 2.70978 0.75765 0.52233 0.52233 0.86715
70 64 -1 -1 -1 -1 -1 3.26925 0.55752 0.73816 0.55291 0.55291 0.91666
71 1 -1 -1 -1 -1 -1 5.48269 1.35504 0.82495 0.37279 0.37279 0.96137
71 35 -1 -1 -1 -1 -1 3.09992 2.63681 0.76045 0.52770 0.52770 0.87639
71 64 -1 -1 -1 -1 -1 3.47969 0.54088 0.73509 0.53866 0.53866 0.90174
72 1 -1 -1 -1 -1 -1 5.50934 1.54369 0.83305 0.37905 0.37905 0.98604
72 35 -1 -1 -1 -1 -1 2.97392 2.54074 0.76103 0.53395 0.53395 0.86801
72 64 -1 -1 -1 -1 -1 3.68560 0.53379 0.73077 0.51990 0.51990 0.88374
73 1 -1 -1 -1 -1 -1 5.51424 1.73422 0.83793 0.42593 0.42593 1.01996
73 35 -1 -1 -1 -1 -1 2.87163 2.42362 0.76256 0.54094 0.54094 0.88192
73 64 -1 -1 -1 -1 -1 3.89444 0.53125 0.72978 0.50650 0.50650 0.89195
74 1 -1 -1 -1 -1 -1 5.49005 1.91663 0.83505 0.46668 0.46668 0.97160
74 35 -1 -1 -1 -1 -1 2.79307 2.29161 0.76275 0.55290 0.55290 0.87043
74 64 -1 -1 -1 -1 -1 4.10926 0.52691 0.73407 0.48703 0.48703 0.90524
75 1 -1 -1 -1 -1 -1 5.43576 2.09088 0.83184 0.49894 0.49894 0.93657
75 35 -1 -1 -1 -1 -1 2.74054 2.15323 0.75931 0.56321 0.56321 0.85170
75 64 -1 -1 -1 -1 -1 4.32369 0.52235 0.73965 0.48119 0.48119 0.92636
76 1 -1 -1 -1 -1 -1 5.35027 2.26577 0.83246 0.52452 0.52452 0.93705
76 35 -1 -1 -1 -1 -1 2.71603 2.01795 0.75637 0.57041 0.57041 0.85529
76 64 -1 -1 -1 -1 -1 4.52942 0.52854 0.74606 0.47588 0.47588 0.92574
77 1 -1 -1 -1 -1 -1 5.23153 2.44081 0.83419 0.52798 0.52798 0.94587
77 35 -1 -1 -1 -1 -1 2.71562 1.89104 0.75725 0.57992 0.57992 0.84731
77 64 -1 -1 -1 -1 -1 4.72046 0.56176 0.75527 0.47657 0.47657 0.92938
78 1 -1 -1 -1 -1 -1 5.09242 2.59328 0.83553 0.51589 0.51589 0.96478
78 35 -1 -1 -1 -1 -1 2.73446 1.76102 0.76122 0.58657 0.58657 0.84763
78 64 -1 -1 -1 -1 -1 4.89352 0.62861 0.76382 0.44709 0.44709 0.95873
79 1 -1 -1 -1 -1 -1 4.95458 2.69929 0.83358 0.52591 0.52591 0.98426
79 35 -1 -1 -1 -1 -1 2.77203 1.61377 0.76553 0.58960 0.58960 0.84406
79 64 -1 -1 -1 -1 -1 5.04856 0.72202 0.76907 0.44646 0.44646 0.92966
80 1 -1 -1 -1 -1 -1 4.81675 2.76972 0.82787 0.53893 0.53893 0.97599
80 35 -1 -1 -1 -1 -1 2.82615 1.45576 0.76655 0.59956 0.59956 0.84556
80 64 -1 -1 -1 -1 -1 5.18061 0.83691 0.77255 0.44151 0.44151 0.94712
81 1 -1 -1 -1 -1 -1 4.66124 2.83497 0.82520 0.54594 0.54594 0.96500
81 35 -1 -1 -1 -1 -1 2.89092 1.29298 0.76399 0.59963 0.59963 0.84167
81 64 -1 -1 -1 -1 -1 5.28056 0.97503 0.77183 0.40886 0.40886 0.94396
82 1 -1 -1 -1 -1 -1 4.48475 2.89926 0.82550 0.55405 0.55405 0.97842
82 35 -1 -1 -1 -1 -1 2.96292 1.12851 0.76382 0.59238 0.59238 0.84156
82 64 -1 -1 -1 -1 -1 5.35009 1.12976 0.76903 0.36652 0.36652 0.93132
83 1 -1 -1 -1 -1 -1 4.29566 2.94187 0.82011 0.55807 0.55807 0.98601
83 35 -1 -1 -1 -1 -1 3.04253 0.98205 0.76897 0.57710 0.57710 0.84343
83 64 -1 -1 -1 -1 -1 5.39739 1.28483 0.77113 0.35376 0.35376 0.92969
84 1 -1 -1 -1 -1 -1 4.10318 2.95032 0.80994 0.55670 0.55670 0.98741
84 35 -1 -1 -1 -1 -1 3.13207 0.86245 0.77586 0.56169 0.56169 0.84124
84 64 -1 -1 -1 -1 -1 5.42597 1.43541 0.77794 0.37896 0.37896 0.91964
85 1 -1 -1 -1 -1 -1 3.91203 2.92688 0.80309 0.56070 0.56070 0.98831
85 35 -1 -1 -1 -1 -1 3.23603 0.75646 0.77754 0.54420 0.54420 0.86584
85 64 -1 -1 -1 -1 -1 5.43605 1.58613 0.78449 0.30981 0.30981 0.92576
86 1 -1 -1 -1 -1 -1 3.71605 2.87693 0.80309 0.56807 0.56807 1.00259
86 35 -1 -1 -1 -1 -1 3.35906 0.65463 0.76884 0.53523 0.53523 0.87708
86 64 -1 -1 -1 -1 -1 5.42488 1.73967 0.78450 0.31990 0.31990 0.92394
87 1 -1 -1 -1 -1 -1 3.51057 2.80539 0.80828 0.57689 0.57689 0.99390
87 35 -1 -1 -1 -1 -1 3.49436 0.56931 0.75453 0.53985 0.53985 0.85803
87 64 -1 -1 -1 -1 -1 5.39257 1.90199 0.77846 0.36856 0.36856 0.90814
88 1 -1 -1 -1 -1 -1 3.30125 2.71628 0.81509 0.58701 0.58701 0.97784
88 35 -1 -1 -1 -1 -1 3.62926 0.51921 0.74220 0.52507 0.52507 0.86589
88 64 -1 -1 -1 -1 -1 5.35186 2.07780 0.77697 0.36477 0.36477 0.91307
89 1 -1 -1 -1 -1 -1 3.09270 2.61317 0.82219 0.59710 0.59710 0.96290
89 35 -1 -1 -1 -1 -1 3.76727 0.49648 0.73083 0.50723 0.50723 0.87729
89 64 -1 -1 -1 -1 -1 5.31020 2.26363 0.78568 0.41100 0.41100 0.93010
90 1 -1 -1 -1 -1 -1 2.89194 2.49933 0.83029 0.60461 0.60461 0.95041
90 35 -1 -1 -1 -1 -1 3.92088 0.48185 0.71817 0.50226 0.50226 0.86884
90 64 -1 -1 -1 -1 -1 5.25912 2.44375 0.79880 0.37418 0.37418 0.94672
91 1 -1 -1 -1 -1 -1 2.71450 2.37958 0.83895 0.60928 0.60928 0.94902
91 35 -1 -1 -1 -1 -1 4.09331 0.47144 0.70949 0.50373 0.50373 0.88577
91 64 -1 -1 -1 -1 -1 5.18986 2.59294 0.80827 0.37572 0.37572 0.90530
92 1 -1 -1 -1 -1 -1 2.57722 2.25680 0.84622 0.61447 0.61447 0.94482
92 35 -1 -1 -1 -1 -1 4.27827 0.46985 0.70921 0.51429 0.51429 0.89346
92 64 -1 -1 -1 -1 -1 5.09808 2.69307 0.81178 0.44125 0.44125 0.87088
93 1 -1 -1 -1 -1 -1 2.49159 2.12283 0.84732 0.61707 0.61707 0.94327
93 35 -1 -1 -1 -1 -1 4.46738 0.47779 0.71413 0.51085 0.51085 0.90770
93 64 -1 -1 -1 -1 -1 4.97982 2.74958 0.80997 0.42319 0.42319 0.87763
94 1 -1 -1 -1 -1 -1 2.45555 1.96653 0.84314 0.61237 0.61237 0.89418
94 35 -1 -1 -1 -1 -1 4.65727 0.49366 0.71970 0.50251 0.50251 0.90067
94 64 -1 -1 -1 -1 -1 4.83512 2.78168 0.80195 0.43776 0.43776 0.89623
95 1 -1 -1 -1 -1 -1 2.46007 1.79284 0.84091 0.61517 0.61517 0.90985
95 35 -1 -1 -1 -1 -1 4.83681 0.53081 0.72458 0.54442 0.54442 0.89653
95 64 -1 -1 -1 -1 -1 4.67349 2.79878 0.78976 0.50631 0.50631 0.90323
96 1 -1 -1 -1 -1 -1 2.49976 1.60937 0.84092 0.61014 0.61014 0.90588
96 35 -1 -1 -1 -1 -1 4.98088 0.61357 0.72845 0.53389 0.53389 0.89518
96 64 -1 -1 -1 -1 -1 4.50535 2.80422 0.78127 0.47073 0.47073 0.89870
97 1 -1 -1 -1 -1 -1 2.56186 1.41686 0.84003 0.57599 0.57599 0.90255
97 35 -1 -1 -1 -1 -1 5.08471 0.74357 0.73257 0.47060 0.47060 0.90925
97 64 -1 -1 -1 -1 -1 4.32877 2.80465 0.77952 0.40679 0.40679 0.91838
98 1 -1 -1 -1 -1 -1 2.63069 1.22810 0.83395 0.56690 0.56690 0.96289
98 35 -1 -1 -1 -1 -1 5.17119 0.89962 0.73637 0.44589 0.44589 0.92491
98 64 -1 -1 -1 -1 -1 4.13413 2.80968 0.77905 0.49814 0.49814 0.91552
99 1 -1 -1 -1 -1 -1 2.70615 1.05059 0.82430 0.56999 0.56999 0.91784
99 35 -1 -1 -1 -1 -1 5.25690 1.06400 0.74010 0.44582 0.44582 0.87286
99 64 -1 -1 -1 -1 -1 3.92501 2.82222 0.77836 0.44716 0.44716 0.92747
100 1 -1 -1 -1 -1 -1 2.79719 0.88176 0.81799 0.57836 0.57836 0.94851
100 35 -1 -1 -1 -1 -1 5.33543 1.22813 0.74607 0.48180 0.48180 0.88303
100 64 -1 -1 -1 -1 -1 3.71367 2.83059 0.77911 0.42835 0.42835 0.91915
101 1 -1 -1 -1 -1 -1 2.91043 0.73459 0.81045 0.57795 0.57795 0.96188
101 35 -1 -1 -1 -1 -1 5.38102 1.39426 0.74913 0.52443 0.52443 0.87712
101 64 -1 -1 -1 -1 -1 3.50567 2.81957 0.78011 0.44088 0.44088 0.88912
102 1 -1 -1 -1 -1 -1 3.04821 0.61997 0.79866 0.55557 0.55557 0.95926
102 35 -1 -1 -1 -1 -1 5.38007 1.56555 0.74770 0.48752 0.48752 0.86392
102 64 -1 -1 -1 -1 -1 3.30629 2.77562 0.78138 0.45381 0.45381 0.91085
103 1 -1 -1 -1 -1 -1 3.20950 0.53196 0.78997 0.53046 0.53046 0.94440
103 35 -1 -1 -1 -1 -1 5.34643 1.73688 0.74728 0.50314 0.50314 0.85481
103 64 -1 -1 -1 -1 -1 3.11977 2.69597 0.78254 0.46769 0.46769 0.93556
104 1 -1 -1 -1 -1 -1 3.39263 0.46226 0.78825 0.52077 0.52077 0.98008
104 35 -1 -1 -1 -1 -1 5.29290 1.90369 0.74774 0.51562 0.51562 0.87208
104 64 -1 -1 -1 -1 -1 2.95023 2.59295 0.78211 0.48377 0.48377 0.93162
105 1 -1 -1 -1 -1 -1 3.59611 0.40804 0.78922 0.51042 0.51042 0.98156
105 35 -1 -1 -1 -1 -1 5.22125 2.06100 0.74528 0.51541 0.51541 0.88122
105 64 -1 -1 -1 -1 -1 2.80562 2.47806 0.78352 0.49931 0.49931 0.92242
106 1 -1 -1 -1 -1 -1 3.81425 0.37366 0.78858 0.50070 0.50070 0.96424
106 35 -1 -1 -1 -1 -1 5.13511 2.20166 0.74169 0.49320 0.49320 0.86015
106 64 -1 -1 -1 -1 -1 2.69211 2.35824 0.78898 0.51478 0.51478 0.92506
107 1 -1 -1 -1 -1 -1 4.03883 0.36272 0.78710 0.47471 0.47471 0.98007
107 35 -1 -1 -1 -1 -1 5.03986 2.32522 0.74199 0.52028 0.52028 0.86638
107 64 -1 -1 -1 -1 -1 2.61347 2.23613 0.79748 0.53115 0.53115 0.87823
108 1 -1 -1 -1 -1 -1 4.26804 0.37210 0.78596 0.44177 0.44177 0.99741
108 35 -1 -1 -1 -1 -1 4.92779 2.44092 0.74453 0.53090 0.53090 0.87535
108 64 -1 -1 -1 -1 -1 2.56884 2.10358 0.80764 0.54774 0.54774 0.88906
109 1 -1 -1 -1 -1 -1 4.50228 0.40233 0.78731 0.41831 0.41831 0.99273
109 35 -1 -1 -1 -1 -1 4.78802 2.54881 0.74479 0.52714 0.52714 0.88213
109 64 -1 -1 -1 -1 -1 2.54857 1.95231 0.81261 0.56378 0.56378 0.86589
110 1 -1 -1 -1 -1 -1 4.73539 0.46652 0.79507 0.40613 0.40613 1.00071
110 35 -1 -1 -1 -1 -1 4.62377 2.63435 0.74348 0.52820 0.52820 0.90147
110 64 -1 -1 -1 -1 -1 2.54122 1.78756 0.80877 0.58167 0.58167 0.87688
111 1 -1 -1 -1 -1 -1 4.95129 0.57587 0.80540 0.42171 0.42171 1.00201
111 35 -1 -1 -1 -1 -1 4.44669 2.68959 0.74215 0.53111 0.53111 0.89824
111 64 -1 -1 -1 -1 -1 2.54614 1.61518 0.79893 0.59803 0.59803 0.89675
112 1 -1 -1 -1 -1 -1 5.12900 0.72162 0.80984 0.41762 0.41762 0.98173
112 35 -1 -1 -1 -1 -1 4.26589 2.72175 0.73979 0.53456 0.53456 0.88986
112 64 -1 -1 -1 -1 -1 2.57032 1.43888 0.78886 0.61103 0.61103 0.88452
113 1 -1 -1 -1 -1 -1 5.25811 0.88758 0.80942 0.40811 0.40811 0.95947
113 35 -1 -1 -1 -1 -1 4.07850 2.74575 0.73508 0.53636 0.53636 0.91123
113 64 -1 -1 -1 -1 -1 2.61659 1.27140 0.78270 0.62430 0.62430 0.90331
114 1 -1 -1 -1 -1 -1 5.34320 1.06525 0.81052 0.41138 0.41138 0.96718
114 35 -1 -1 -1 -1 -1 3.87982 2.76599 0.72838 0.53483 0.53483 0.87516
114 64 -1 -1 -1 -1 -1 2.68577 1.11801 0.77898 0.60304 0.60304 0.88856
115 1 -1 -1 -1 -1 -1 5.39121 1.24421 0.81451 0.41237 0.41237 0.99317
115 35 -1 -1 -1 -1 -1 3.67670 2.76934 0.72451 0.53776 0.53776 0.86503
115 64 -1 -1 -1 -1 -1 2.77853 0.97522 0.77945 0.59234 0.59234 0.87757
116 1 -1 -1 -1 -1 -1 5.40789 1.41449 0.82067 0.38709 0.38709 1.00137
116 35 -1 -1 -1 -1 -1 3.48067 2.74145 0.72758 0.54060 0.54060 0.88267
116 64 -1 -1 -1 -1 -1 2.89277 0.84958 0.78314 0.59262 0.59262 0.91465
117 1 -1 -1 -1 -1 -1 5.40533 1.57797 0.82889 0.40360 0.40360 1.00651
117 35 -1 -1 -1 -1 -1 3.30016 2.67972 0.73583 0.54301 0.54301 0.88860
117 64 -1 -1 -1 -1 -1 3.02851 0.74820 0.78385 0.58940 0.58940 0.90136
118 1 -1 -1 -1 -1 -1 5.39124 1.73815 0.83725 0.46137 0.46137 0.97401
118 35 -1 -1 -1 -1 -1 3.13963 2.58995 0.74448 0.54597 0.54597 0.89438
118 64 -1 -1 -1 -1 -1 3.18500 0.67510 0.77851 0.59017 0.59017 0.91106
119 1 -1 -1 -1 -1 -1 5.35653 1.89778 0.84303 0.50932 0.50932 0.95219
119 35 -1 -1 -1 -1 -1 3.00144 2.47685 0.75250 0.54956 0.54956 0.88775
119 64 -1 -1 -1 -1 -1 3.35695 0.63254 0.76503 0.59487 0.59487 0.91718
120 1 -1 -1 -1 -1 -1 5.28915 2.06515 0.84490 0.55095 0.55095 0.92264
120 35 -1 -1 -1 -1 -1 2.89176 2.34536 0.76066 0.55535 0.55535 0.90845
120 64 -1 -1 -1 -1 -1 3.53812 0.61108 0.74994 0.58952 0.58952 0.88718
121 1 -1 -1 -1 -1 -1 5.18578 2.24533 0.84530 0.58820 0.58820 0.93193
121 35 -1 -1 -1 -1 -1 2.81711 2.20660 0.76672 0.56155 0.56155 0.87807
121 64 -1 -1 -1 -1 -1 3.71900 0.59912 0.74286 0.60058 0.60058 0.89305
122 1 -1 -1 -1 -1 -1 5.04665 2.43169 0.84483 0.62544 0.62544 0.96821
122 35 -1 -1 -1 -1 -1 2.77632 2.06442 0.76940 0.56524 0.56524 0.89495
122 64 -1 -1 -1 -1 -1 3.89023 0.58967 0.74138 0.58583 0.58583 0.90491
123 1 -1 -1 -1 -1 -1 4.88058 2.60096 0.84137 0.64207 0.64207 0.96316
123 35 -1 -1 -1 -1 -1 2.76373 1.91364 0.76804 0.56953 0.56953 0.87570
123 64 -1 -1 -1 -1 -1 4.05297 0.58158 0.74198 0.56251 0.56251 0.89363
124 1 -1 -1 -1 -1 -1 4.70658 2.72550 0.83644 0.67718 0.67718 0.97770
124 35 -1 -1 -1 -1 -1 2.77236 1.76196 0.76422 0.58065 0.58065 0.86275
124 64 -1 -1 -1 -1 -1 4.21054 0.58645 0.74467 0.55759 0.55759 0.89530
125 1 -1 -1 -1 -1 -1 4.53478 2.80079 0.83159 0.71148 0.71148 0.98390
125 35 -1 -1 -1 -1 -1 2.79431 1.61134 0.76281 0.58339 0.58339 0.83472
125 64 -1 -1 -1 -1 -1 4.36104 0.61163 0.74538 0.52245 0.52245 0.91780
126 1 -1 -1 -1 -1 -1 4.36352 2.84068 0.82607 0.74165 0.74165 0.98712
126 35 -1 -1 -1 -1 -1 2.82604 1.44991 0.76393 0.57278 0.57278 0.87128
126 64 -1 -1 -1 -1 -1 4.50734 0.65076 0.74212 0.49211 0.49211 0.91442
127 1 -1 -1 -1 -1 -1 4.18352 2.85885 0.81972 0.74608 0.74608 0.98462
127 35 -1 -1 -1 -1 -1 2.86895 1.27968 0.76151 0.56269 0.56269 0.87117
127 64 -1 -1 -1 -1 -1 4.65179 0.70521 0.74032 0.47857 0.47857 0.91750
128 1 -1 -1 -1 -1 -1 3.98222 2.86381 0.81605 0.72882 0.72882 0.99167
128 35 -1 -1 -1 -1 -1 2.92710 1.10887 0.75535 0.53329 0.53329 0.87097
128 64 -1 -1 -1 -1 -1 4.78778 0.78695 0.74504 0.46010 0.46010 0.93247
129 1 -1 -1 -1 -1 -1 3.75974 2.85177 0.81676 0.71271 0.71271 0.99526
129 35 -1 -1 -1 -1 -1 3.00519 0.94730 0.74912 0.52232 0.52232 0.86998
129 64 -1 -1 -1 -1 -1 4.90932 0.89961 0.75321 0.42240 0.42240 0.93361
130 1 -1 -1 -1 -1 -1 3.52633 2.81041 0.81826 0.69817 0.69817 0.99243
130 35 -1 -1 -1 -1 -1 3.10467 0.80905 0.74402 0.51004 0.51004 0.87308
130 64 -1 -1 -1 -1 -1 5.01579 1.03852 0.75569 0.40005 0.40005 0.92801
131 1 -1 -1 -1 -1 -1 3.29445 2.73556 0.82000 0.68933 0.68933 0.98422
131 35 -1 -1 -1 -1 -1 3.22585 0.69794 0.73987 0.50395 0.50395 0.88398
131 64 -1 -1 -1 -1 -1 5.10964 1.19646 0.75195 0.40121 0.40121 0.89580
132 1 -1 -1 -1 -1 -1 3.08159 2.63769 0.82585 0.68607 0.68607 0.97361
132 35 -1 -1 -1 -1 -1 3.36805 0.61414 0.73545 0.48722 0.48722 0.87762
132 64 -1 -1 -1 -1 -1 5.19104 1.35761 0.75329 0.40549 0.40549 0.91321
133 1 -1 -1 -1 -1 -1 2.90295 2.52646 0.83711 0.67554 0.67554 0.97351
133 35 -1 -1 -1 -1 -1 3.53096 0.56036 0.73033 0.46650 0.46650 0.89499
133 64 -1 -1 -1 -1 -1 5.25162 1.50915 0.76149 0.39384 0.39384 0.94450
134 1 -1 -1 -1 -1 -1 2.76178 2.39933 0.84996 0.67372 0.67372 0.94132
134 35 -1 -1 -1 -1 -1 3.71509 0.53277 0.72339 0.45537 0.45537 0.89442
134 64 -1 -1 -1 -1 -1 5.28570 1.65407 0.76878 0.39366 0.39366 0.93033
135 1 -1 -1 -1 -1 -1 2.65307 2.25257 0.85992 0.67405 0.67405 0.93291
135 35 -1 -1 -1 -1 -1 3.91601 0.52271 0.71573 0.43929 0.43929 0.90591
135 64 -1 -1 -1 -1 -1 5.29607 1.79783 0.77371 0.43470 0.43470 0.93137
136 1 -1 -1 -1 -1 -1 2.57548 2.09178 0.86490 0.66131 0.66131 0.93447
136 35 -1 -1 -1 -1 -1 4.12407 0.52665 0.70998 0.43550 0.43550 0.91047
136 64 -1 -1 -1 -1 -1 5.28150 1.94390 0.77754 0.47138 0.47138 0.91593
137 1 -1 -1 -1 -1 -1 2.52913 1.91943 0.86166 0.64318 0.64318 0.92915
137 35 -1 -1 -1 -1 -1 4.32704 0.54909 0.70854 0.42716 0.42716 0.89688
137 64 -1 -1 -1 -1 -1 5.23691 2.09939 0.78112 0.49483 0.49483 0.89782
138 1 -1 -1 -1 -1 -1 2.50490 1.73210 0.84804 0.62036 0.62036 0.91533
138 35 -1 -1 -1 -1 -1 4.51476 0.59288 0.71439 0.41121 0.41121 0.90439
138 64 -1 -1 -1 -1 -1 5.16514 2.26458 0.78348 0.51880 0.51880 0.91494
139 1 -1 -1 -1 -1 -1 2.49511 1.53270 0.82928 0.62046 0.62046 0.94506
139 35 -1 -1 -1 -1 -1 4.68168 0.65580 0.72528 0.39568 0.39568 0.90830
139 64 -1 -1 -1 -1 -1 5.07612 2.42809 0.78204 0.53789 0.53789 0.90929
140 1 -1 -1 -1 -1 -1 2.50239 1.32942 0.81268 0.61490 0.61490 0.97060
140 35 -1 -1 -1 -1 -1 4.82362 0.73668 0.73570 0.39577 0.39577 0.90952
140 64 -1 -1 -1 -1 -1 4.97383 2.57401 0.77644 0.55543 0.55543 0.90640
141 1 -1 -1 -1 -1 -1 2.52932 1.14065 0.80312 0.59252 0.59252 0.96103
141 35 -1 -1 -1 -1 -1 4.93853 0.83510 0.74400 0.38699 0.38699 0.89602
141 64 -1 -1 -1 -1 -1 4.85507 2.68714 0.77060 0.56265 0.56265 0.89914
142 1 -1 -1 -1 -1 -1 2.57888 0.98139 0.80147 0.57941 0.57941 0.97896
142 35 -1 -1 -1 -1 -1 5.03064 0.94605 0.75166 0.37495 0.37495 0.88419
142 64 -1 -1 -1 -1 -1 4.72172 2.76110 0.77066 0.57024 0.57024 0.92440
143 1 -1 -1 -1 -1 -1 2.65662 0.84231 0.80574 0.56376 0.56376 0.96605
143 35 -1 -1 -1 -1 -1 5.10655 1.06183 0.75845 0.35865 0.35865 0.88594
143 64 -1 -1 -1 -1 -1 4.57898 2.80629 0.77458 0.58322 0.58322 0.92757
144 1 -1 -1 -1 -1 -1 2.76343 0.71621 0.81246 0.55831 0.55831 0.99703
144 35 -1 -1 -1 -1 -1 5.17027 1.18430 0.76285 0.36005 0.36005 0.87208
144 64 -1 -1 -1 -1 -1 4.42921 2.83858 0.77759 0.57780 0.57780 0.92259
145 1 -1 -1 -1 -1 -1 2.89826 0.61143 0.81549 0.55646 0.55646 0.98974
145 35 -1 -1 -1 -1 -1 5.21972 1.31887 0.76430 0.38192 0.38192 0.86724
145 64 -1 -1 -1 -1 -1 4.27283 2.86256 0.77980 0.56224 0.56224 0.92803
146 1 -1 -1 -1 -1 -1 3.05895 0.52913 0.81119 0.56843 0.56843 0.97799
146 35 -1 -1 -1 -1 -1 5.24549 1.46029 0.76256 0.39013 0.39013 0.86539
146 64 -1 -1 -1 -1 -1 4.10881 2.87788 0.77899 0.56187 0.56187 0.91737
147 1 -1 -1 -1 -1 -1 3.23831 0.46642 0.80227 0.56645 0.56645 0.94560
147 35 -1 -1 -1 -1 -1 5.24436 1.60309 0.76028 0.37147 0.37147 0.87396
147 64 -1 -1 -1 -1 -1 3.94485 2.87993 0.77324 0.55979 0.55979 0.94064
148 1 -1 -1 -1 -1 -1 3.43050 0.42336 0.79739 0.55889 0.55889 0.96874
148 35 -1 -1 -1 -1 -1 5.22427 1.74592 0.76265 0.36898 0.36898 0.85524
148 64 -1 -1 -1 -1 -1 3.78666 2.86319 0.76558 0.55482 0.55482 0.96709
149 1 -1 -1 -1 -1 -1 3.63450 0.39399 0.79784 0.54713 0.54713 0.98622
149 35 -1 -1 -1 -1 -1 5.18855 1.88626 0.76911 0.37694 0.37694 0.87122
149 64 -1 -1 -1 -1 -1 3.62212 2.83421 0.76097 0.56415 0.56415 0.95299
150 1 -1 -1 -1 -1 -1 3.84571 0.36967 0.79739 0.53997 0.53997 0.96826
150 35 -1 -1 -1 -1 -1 5.13540 2.02451 0.77062 0.38053 0.38053 0.90956
150 64 -1 -1 -1 -1 -1 3.44186 2.79951 0.76015 0.57333 0.57333 0.97658
151 1 -1 -1 -1 -1 -1 4.05558 0.34884 0.79594 0.52246 0.52246 0.96682
151 35 -1 -1 -1 -1 -1 5.06512 2.16474 0.76233 0.39906 0.39906 0.88078
151 64 -1 -1 -1 -1 -1 3.24801 2.75589 0.76113 0.58252 0.58252 0.93697
152 1 -1 -1 -1 -1 -1 4.26084 0.33803 0.79363 0.49801 0.49801 0.97684
152 35 -1 -1 -1 -1 -1 4.97773 2.30287 0.75230 0.41493 0.41493 0.85823
152 64 -1 -1 -1 -1 -1 3.04902 2.69882 0.76660 0.59628 0.59628 0.90472
153 1 -1 -1 -1 -1 -1 4.46479 0.34544 0.78892 0.46846 0.46846 0.98039
153 35 -1 -1 -1 -1 -1 4.87705 2.42558 0.74819 0.42410 0.42410 0.86692
153 64 -1 -1 -1 -1 -1 2.85942 2.62648 0.77821 0.60950 0.60950 0.88010
154 1 -1 -1 -1 -1 -1 4.66946 0.37957 0.78471 0.44500 0.44500 0.97912
154 35 -1 -1 -1 -1 -1 4.76887 2.52822 0.75074 0.43946 0.43946 0.85387
154 64 -1 -1 -1 -1 -1 2.69301 2.53792 0.78842 0.62194 0.62194 0.86466
155 1 -1 -1 -1 -1 -1 4.86932 0.45225 0.78243 0.43893 0.43893 0.97013
155 35 -1 -1 -1 -1 -1 4.65357 2.62015 0.76167 0.44839 0.44839 0.86599
155 64 -1 -1 -1 -1 -1 2.56300 2.43346 0.78523 0.63998 0.63998 0.85860
156 1 -1 -1 -1 -1 -1 5.05140 0.57062 0.78155 0.41751 0.41751 0.97952
156 35 -1 -1 -1 -1 -1 4.52921 2.70464 0.77744 0.45288 0.45288 0.88525
156 64 -1 -1 -1 -1 -1 2.48287 2.31057 0.76873 0.66016 0.66016 0.84234
157 1 -1 -1 -1 -1 -1 5.20213 0.73314 0.78512 0.41537 0.41537 0.99567
157 35 -1 -1 -1 -1 -1 4.39083 2.77078 0.78454 0.45858 0.45858 0.90835
157 64 -1 -1 -1 -1 -1 2.45304 2.16370 0.75696 0.65384 0.65384 0.82435
158 1 -1 -1 -1 -1 -1 5.31559 0.93199 0.79398 0.42012 0.42012 0.99126
158 35 -1 -1 -1 -1 -1 4.22551 2.81538 0.77637 0.46417 0.46417 0.90283
158 64 -1 -1 -1 -1 -1 2.45890 1.99788 0.76101 0.65751 0.65751 0.88706
159 1 -1 -1 -1 -1 -1 5.39115 1.14839 0.80264 0.41280 0.41280 0.98815
159 35 -1 -1 -1 -1 -1 4.02626 2.84420 0.75976 0.46849 0.46849 0.89428
159 64 -1 -1 -1 -1 -1 2.48839 1.82471 0.77030 0.65181 0.65181 0.89851
160 1 -1 -1 -1 -1 -1 5.43380 1.35757 0.81051 0.39048 0.39048 0.95999
160 35 -1 -1 -1 -1 -1 3.80246 2.85299 0.74228 0.47124 0.47124 0.89103
160 64 -1 -1 -1 -1 -1 2.53420 1.64441 0.77533 0.63301 0.63301 0.88092
161 1 -1 -1 -1 -1 -1 5.45862 1.54251 0.82392 0.39990 0.39990 0.97352
161 35 -1 -1 -1 -1 -1 3.56966 2.82840 0.73073 0.47425 0.47425 0.88613
161 64 -1 -1 -1 -1 -1 2.58582 1.46163 0.77853 0.63952 0.63952 0.89014
162 1 -1 -1 -1 -1 -1 5.47747 1.70016 0.84020 0.44266 0.44266 0.97641
162 35 -1 -1 -1 -1 -1 3.34211 2.76618 0.72952 0.48062 0.48062 0.89767
162 64 -1 -1 -1 -1 -1 2.63621 1.29027 0.78320 0.64396 0.64396 0.89096
163 1 -1 -1 -1 -1 -1 5.48680 1.84713 0.85083 0.47802 0.47802 0.94956
163 35 -1 -1 -1 -1 -1 3.13144 2.67884 0.73578 0.48881 0.48881 0.89047
163 64 -1 -1 -1 -1 -1 2.69098 1.13453 0.78837 0.63104 0.63104 0.90315
164 1 -1 -1 -1 -1 -1 5.47318 2.00979 0.85344 0.50274 0.50274 0.94060
164 35 -1 -1 -1 -1 -1 2.94966 2.57743 0.74626 0.49623 0.49623 0.90227
164 64 -1 -1 -1 -1 -1 2.76729 0.99933 0.78775 0.61555 0.61555 0.93164
165 1 -1 -1 -1 -1 -1 5.42206 2.19153 0.84886 0.51833 0.51833 0.94695
165 35 -1 -1 -1 -1 -1 2.80705 2.46257 0.75733 0.50251 0.50251 0.90855
165 64 -1 -1 -1 -1 -1 2.88028 0.89165 0.77876 0.59724 0.59724 0.92679
166 1 -1 -1 -1 -1 -1 5.32694 2.36888 0.84100 0.52619 0.52619 0.95010
166 35 -1 -1 -1 -1 -1 2.70380 2.33627 0.76549 0.51159 0.51159 0.88358
166 64 -1 -1 -1 -1 -1 3.02150 0.80870 0.77082 0.60830 0.60830 0.88319
167 1 -1 -1 -1 -1 -1 5.19382 2.52418 0.83785 0.51355 0.51355 0.94606
167 35 -1 -1 -1 -1 -1 2.63496 2.20204 0.77081 0.52258 0.52258 0.89474
167 64 -1 -1 -1 -1 -1 3.17115 0.74081 0.76857 0.60069 0.60069 0.90749
168 1 -1 -1 -1 -1 -1 5.03400 2.65622 0.84351 0.51515 0.51515 0.96784
168 35 -1 -1 -1 -1 -1 2.59925 2.06386 0.76936 0.53294 0.53294 0.90622
168 64 -1 -1 -1 -1 -1 3.32389 0.68025 0.76597 0.56555 0.56555 0.86933
169 1 -1 -1 -1 -1 -1 4.85322 2.76525 0.84922 0.52968 0.52968 0.99518
169 35 -1 -1 -1 -1 -1 2.59365 1.93279 0.75875 0.54224 0.54224 0.87612
169 64 -1 -1 -1 -1 -1 3.48457 0.62799 0.76152 0.53944 0.53944 0.87466
170 1 -1 -1 -1 -1 -1 4.65389 2.84982 0.84435 0.54813 0.54813 0.97841
170 35 -1 -1 -1 -1 -1 2.60879 1.81083 0.74876 0.55754 0.55754 0.83303
170 64 -1 -1 -1 -1 -1 3.66347 0.58750 0.75629 0.51901 0.51901 0.88045
171 1 -1 -1 -1 -1 -1 4.44311 2.90729 0.83279 0.55173 0.55173 0.99034
171 35 -1 -1 -1 -1 -1 2.63345 1.68008 0.74913 0.56984 0.56984 0.83139
171 64 -1 -1 -1 -1 -1 3.87218 0.56089 0.75106 0.50038 0.50038 0.89395
172 1 -1 -1 -1 -1 -1 4.22891 2.93323 0.82312 0.55007 0.55007 0.99813
172 35 -1 -1 -1 -1 -1 2.66258 1.53000 0.75368 0.57783 0.57783 0.86428
172 64 -1 -1 -1 -1 -1 4.11049 0.55158 0.74813 0.48538 0.48538 0.90999
173 1 -1 -1 -1 -1 -1 4.01367 2.92947 0.81550 0.54946 0.54946 1.00835
173 35 -1 -1 -1 -1 -1 2.70428 1.36979 0.75081 0.57702 0.57702 0.86427
173 64 -1 -1 -1 -1 -1 4.36089 0.56217 0.74849 0.47105 0.47105 0.90135
174 1 -1 -1 -1 -1 -1 3.79003 2.90526 0.80872 0.54825 0.54825 0.99914
174 35 -1 -1 -1 -1 -1 2.76972 1.20923 0.74079 0.58131 0.58131 0.87796
174 64 -1 -1 -1 -1 -1 4.60011 0.59659 0.75259 0.46254 0.46254 0.92409
175 1 -1 -1 -1 -1 -1 3.55198 2.86266 0.80713 0.54324 0.54324 0.98521
175 35 -1 -1 -1 -1 -1 2.85944 1.04990 0.73198 0.57777 0.57777 0.86540
175 64 -1 -1 -1 -1 -1 4.81258 0.66226 0.75854 0.44456 0.44456 0.94584
176 1 -1 -1 -1 -1 -1 3.30761 2.79231 0.81020 0.54342 0.54342 0.99814
176 35 -1 -1 -1 -1 -1 2.96734 0.89357 0.72983 0.57981 0.57981 0.86939
176 64 -1 -1 -1 -1 -1 4.99231 0.75857 0.76367 0.43136 0.43136 0.93854
177 1 -1 -1 -1 -1 -1 3.07142 2.68737 0.81237 0.54611 0.54611 0.97625
177 35 -1 -1 -1 -1 -1 3.09166 0.75076 0.73106 0.55830 0.55830 0.87704
177 64 -1 -1 -1 -1 -1 5.13380 0.87420 0.76935 0.45856 0.45856 0.92951
178 1 -1 -1 -1 -1 -1 2.85994 2.54981 0.81638 0.54922 0.54922 0.94795
178 35 -1 -1 -1 -1 -1 3.23626 0.63223 0.73019 0.52725 0.52725 0.87903
178 64 -1 -1 -1 -1 -1 5.22841 1.00260 0.77501 0.43798 0.43798 0.92198
179 1 -1 -1 -1 -1 -1 2.69196 2.39128 0.82428 0.55438 0.55438 0.95448
179 35 -1 -1 -1 -1 -1 3.39892 0.54220 0.72545 0.51067 0.51067 0.87744
179 64 -1 -1 -1 -1 -1 5.27985 1.14753 0.77725 0.40772 0.40772 0.91428
180 1 -1 -1 -1 -1 -1 2.57745 2.22675 0.82893 0.55566 0.55566 0.95728
180 35 -1 -1 -1 -1 -1 3.57191 0.48076 0.71799 0.48283 0.48283 0.88120
180 64 -1 -1 -1 -1 -1 5.30269 1.31519 0.77378 0.40662 0.40662 0.91839
181 1 -1 -1 -1 -1 -1 2.51021 2.05234 0.82633 0.55586 0.55586 0.95019
181 35 -1 -1 -1 -1 -1 3.75450 0.44327 0.70974 0.45547 0.45547 0.88806
181 64 -1 -1 -1 -1 -1 5.30663 1.50287 0.76730 0.40923 0.40923 0.88452
182 1 -1 -1 -1 -1 -1 2.47901 1.86033 0.82296 0.55584 0.55584 0.92471
182 35 -1 -1 -1 -1 -1 3.94754 0.42607 0.70087 0.42871 0.42871 0.89179
182 64 -1 -1 -1 -1 -1 5.29548 1.69819 0.76374 0.42391 0.42391 0.90971
183 1 -1 -1 -1 -1 -1 2.47908 1.66133 0.82632 0.55758 0.55758 0.92818
183 35 -1 -1 -1 -1 -1 4.15000 0.43244 0.69349 0.39571 0.39571 0.91200
183 64 -1 -1 -1 -1 -1 5.26691 1.89391 0.76298 0.43669 0.43669 0.90721
184 1 -1 -1 -1 -1 -1 2.51059 1.46058 0.83363 0.54980 0.54980 0.93521
184 35 -1 -1 -1 -1 -1 4.36422 0.46884 0.69192 0.38738 0.38738 0.89982
184 64 -1 -1 -1 -1 -1 5.21759 2.08889 0.76171 0.45498 0.45498 0.92310
185 1 -1 -1 -1 -1 -1 2.57738 1.26177 0.83514 0.55283 0.55283 0.95366
185 35 -1 -1 -1 -1 -1 4.58444 0.53564 0.69806 0.38899 0.38899 0.90912
185 64 -1 -1 -1 -1 -1 5.14700 2.27309 0.75805 0.49183 0.49183 0.91969
186 1 -1 -1 -1 -1 -1 2.67883 1.07550 0.82771 0.56214 0.56214 0.91800
186 35 -1 -1 -1 -1 -1 4.79458 0.62875 0.71106 0.40163 0.40163 0.91366
186 64 -1 -1 -1 -1 -1 5.05246 2.43323 0.75671 0.52480 0.52480 0.90117
187 1 -1 -1 -1 -1 -1 2.80731 0.90424 0.81595 0.57086 0.57086 0.94127
187 35 -1 -1 -1 -1 -1 4.98098 0.74679 0.72442 0.40904 0.40904 0.93402
187 64 -1 -1 -1 -1 -1 4.93418 2.56376 0.76311 0.56098 0.56098 0.92016
188 1 -1 -1 -1 -1 -1 2.95575 0.75384 0.80210 0.56570 0.56570 0.94130
188 35 -1 -1 -1 -1 -1 5.13441 0.88683 0.73088 0.40845 0.40845 0.89738
188 64 -1 -1 -1 -1 -1 4.79624 2.66495 0.77274 0.57902 0.57902 0.92223
189 1 -1 -1 -1 -1 -1 3.11960 0.63284 0.78972 0.54652 0.54652 0.95858
189 35 -1 -1 -1 -1 -1 5.25236 1.04179 0.73167 0.40228 0.40228 0.90402
189 64 -1 -1 -1 -1 -1 4.64101 2.73871 0.77900 0.57497 0.57497 0.92463
190 1 -1 -1 -1 -1 -1 3.29838 0.53728 0.78585 0.53107 0.53107 0.94521
190 35 -1 -1 -1 -1 -1 5.33681 1.20591 0.72935 0.39065 0.39065 0.91477
190 64 -1 -1 -1 -1 -1 4.46987 2.78491 0.77869 0.57747 0.57747 0.93500
191 1 -1 -1 -1 -1 -1 3.49280 0.45912 0.79295 0.51005 0.51005 0.96101
191 35 -1 -1 -1 -1 -1 5.38863 1.37603 0.72783 0.36420 0.36420 0.90528
191 64 -1 -1 -1 -1 -1 4.28734 2.80205 0.77433 0.57172 0.57172 0.93062
192 1 -1 -1 -1 -1 -1 3.70142 0.39812 0.80387 0.49293 0.49293 0.96646
192 35 -1 -1 -1 -1 -1 5.41376 1.54761 0.73553 0.35657 0.35657 0.89381
192 64 -1 -1 -1 -1 -1 4.09730 2.79415 0.77072 0.58436 0.58436 0.94588
193 1 -1 -1 -1 -1 -1 3.92212 0.36002 0.80702 0.47358 0.47358 0.97075
193 35 -1 -1 -1 -1 -1 5.41707 1.71727 0.74999 0.37855 0.37855 0.92341
193 64 -1 -1 -1 -1 -1 3.89605 2.77301 0.77016 0.59794 0.59794 0.94406
194 1 -1 -1 -1 -1 -1 4.15488 0.34730 0.79955 0.44899 0.44899 0.97284
194 35 -1 -1 -1 -1 -1 5.39282 1.88678 0.75766 0.38948 0.38948 0.90719
194 64 -1 -1 -1 -1 -1 3.68041 2.74582 0.77432 0.61151 0.61151 0.94416
195 1 -1 -1 -1 -1 -1 4.39981 0.35869 0.78897 0.42085 0.42085 0.97831
195 35 -1 -1 -1 -1 -1 5.33734 2.05939 0.75499 0.38261 0.38261 0.89460
195 64 -1 -1 -1 -1 -1 3.45343 2.71246 0.77854 0.62463 0.62463 0.94123
196 1 -1 -1 -1 -1 -1 4.64823 0.39696 0.78266 0.41169 0.41169 0.98781
196 35 -1 -1 -1 -1 -1 5.25803 2.23376 0.74916 0.41293 0.41293 0.88373
196 64 -1 -1 -1 -1 -1 3.22732 2.66820 0.77850 0.64009 0.64009 0.90011
197 1 -1 -1 -1 -1 -1 4.87985 0.46806 0.78313 0.40657 0.40657 1.00083
197 35 -1 -1 -1 -1 -1 5.16042 2.40188 0.74687 0.43490 0.43490 0.88098
197 64 -1 -1 -1 -1 -1 3.02044 2.60432 0.77994 0.64822 0.64822 0.90154
198 1 -1 -1 -1 -1 -1 5.07723 0.57566 0.78917 0.40894 0.40894 1.00231
198 35 -1 -1 -1 -1 -1 5.04378 2.54890 0.74857 0.45220 0.45220 0.89431
198 64 -1 -1 -1 -1 -1 2.84691 2.51104 0.78512 0.65873 0.65873 0.91586
199 1 -1 -1 -1 -1 -1 5.23331 0.71702 0.79705 0.41119 0.41119 0.98315
199 35 -1 -1 -1 -1 -1 4.90497 2.66298 0.74929 0.46983 0.46983 0.90049
199 64 -1 -1 -1 -1 -1 2.71918 2.38326 0.79060 0.66211 0.66211 0.88201
200 1 -1 -1 -1 -1 -1 5.34928 0.87930 0.80530 0.38564 0.38564 0.97263
200 35 -1 -1 -1 -1 -1 4.74751 2.74331 0.74699 0.48217 0.48217 0.89954
200 64 -1 -1 -1 -1 -1 2.64266 2.22850 0.79566 0.66715 0.66715 0.87756
201 1 -1 -1 -1 -1 -1 5.43650 1.04533 0.81401 0.38435 0.38435 0.97630
201 35 -1 -1 -1 -1 -1 4.58309 2.79810 0.74344 0.49184 0.49184 0.90705
201 64 -1 -1 -1 -1 -1 2.60729 2.05608 0.79793 0.67522 0.67522 0.89137
202 1 -1 -1 -1 -1 -1 5.50389 1.20291 0.81981 0.37793 0.37793 0.98867
202 35 -1 -1 -1 -1 -1 4.41252 2.84277 0.74270 0.49033 0.49033 0.92298
202 64 -1 -1 -1 -1 -1 2.59927 1.86992 0.79473 0.68089 0.68089 0.88417
203 1 -1 -1 -1 -1 -1 5.54880 1.34877 0.81938 0.36522 0.36522 0.98418
203 35 -1 -1 -1 -1 -1 4.23075 2.88229 0.74549 0.48319 0.48319 0.92345
203 64 -1 -1 -1 -1 -1 2.60777 1.67931 0.78737 0.69491 0.69491 0.89325
204 1 -1 -1 -1 -1 -1 5.57064 1.49220 0.81758 0.37264 0.37264 0.95129
204 35 -1 -1 -1 -1 -1 4.03802 2.90234 0.74554 0.48147 0.48147 0.93250
204 64 -1 -1 -1 -1 -1 2.62419 1.49350 0.77953 0.69497 0.69497 0.87252
205 1 -1 -1 -1 -1 -1 5.57872 1.64096 0.82143 0.37733 0.37733 0.97065
205 35 -1 -1 -1 -1 -1 3.83228 2.89118 0.73977 0.48433 0.48433 0.92024
205 64 -1 -1 -1 -1 -1 2.64708 1.31249 0.77678 0.70845 0.70845 0.89485
206 1 -1 -1 -1 -1 -1 5.57943 1.78696 0.82818 0.40650 0.40650 0.98550
206 35 -1 -1 -1 -1 -1 3.61362 2.85277 0.73573 0.49581 0.49581 0.87233
206 64 -1 -1 -1 -1 -1 2.68839 1.13262 0.78057 0.68286 0.68286 0.91123
207 1 -1 -1 -1 -1 -1 5.56893 1.93071 0.83253 0.43118 0.43118 0.97377
207 35 -1 -1 -1 -1 -1 3.39576 2.79314 0.74218 0.50961 0.50961 0.89197
207 64 -1 -1 -1 -1 -1 2.76338 0.96157 0.78624 0.66821 0.66821 0.91892
208 1 -1 -1 -1 -1 -1 5.54122 2.08645 0.83275 0.45033 0.45033 0.96740
208 35 -1 -1 -1 -1 -1 3.19920 2.71097 0.75267 0.52219 0.52219 0.91662
208 64 -1 -1 -1 -1 -1 2.87822 0.81475 0.78669 0.66995 0.66995 0.92084
209 1 -1 -1 -1 -1 -1 5.49276 2.25032 0.82837 0.46850 0.46850 0.96121
209 35 -1 -1 -1 -1 -1 3.03610 2.60541 0.75755 0.53447 0.53447 0.88406
209 64 -1 -1 -1 -1 -1 3.03034 0.69816 0.77815 0.63438 0.63438 0.91237
210 1 -1 -1 -1 -1 -1 5.42399 2.40408 0.82300 0.50140 0.50140 0.95642
210 35 -1 -1 -1 -1 -1 2.90661 2.47963 0.76164 0.54263 0.54263 0.87162
210 64 -1 -1 -1 -1 -1 3.20694 0.61630 0.76572 0.62671 0.62671 0.89117
211 1 -1 -1 -1 -1 -1 5.33217 2.54070 0.81935 0.53470 0.53470 0.96183
211 35 -1 -1 -1 -1 -1 2.80542 2.33957 0.76946 0.54971 0.54971 0.87376
211 64 -1 -1 -1 -1 -1 3.39627 0.57335 0.75478 0.60883 0.60883 0.90797
212 1 -1 -1 -1 -1 -1 5.21774 2.65532 0.81674 0.55101 0.55101 0.95575
212 35 -1 -1 -1 -1 -1 2.72996 2.19493 0.77446 0.55983 0.55983 0.89305
212 64 -1 -1 -1 -1 -1 3.59673 0.56566 0.74437 0.59330 0.59330 0.90184
213 1 -1 -1 -1 -1 -1 5.08341 2.74548 0.81852 0.56224 0.56224 0.94751
213 35 -1 -1 -1 -1 -1 2.67812 2.04809 0.77198 0.56999 0.56999 0.87732
213 64 -1 -1 -1 -1 -1 3.80584 0.58455 0.73583 0.59417 0.59417 0.90716
214 1 -1 -1 -1 -1 -1 4.93275 2.81607 0.82805 0.57037 0.57037 0.95553
214 35 -1 -1 -1 -1 -1 2.64356 1.88752 0.76724 0.57771 0.57771 0.85464
214 64 -1 -1 -1 -1 -1 4.01798 0.61760 0.73474 0.56239 0.56239 0.94410
215 1 -1 -1 -1 -1 -1 4.78122 2.86563 0.83763 0.57396 0.57396 0.95846
215 35 -1 -1 -1 -1 -1 2.62436 1.71253 0.76525 0.58284 0.58284 0.86346
215 64 -1 -1 -1 -1 -1 4.22843 0.66219 0.74167 0.55725 0.55725 0.94601
216 1 -1 -1 -1 -1 -1 4.63831 2.89473 0.83905 0.58204 0.58204 0.95209
216 35 -1 -1 -1 -1 -1 2.63080 1.52894 0.76123 0.57934 0.57934 0.89155
216 64 -1 -1 -1 -1 -1 4.42628 0.72936 0.74966 0.55495 0.55495 0.93349
217 1 -1 -1 -1 -1 -1 4.49419 2.91304 0.83649 0.57573 0.57573 0.95767
217 35 -1 -1 -1 -1 -1 2.67123 1.33429 0.75274 0.55755 0.55755 0.86621
217 64 -1 -1 -1 -1 -1 4.60459 0.82044 0.75658 0.50337 0.50337 0.90409
218 1 -1 -1 -1 -1 -1 4.33477 2.92426 0.83404 0.57595 0.57595 0.95239
218 35 -1 -1 -1 -1 -1 2.73707 1.13528 0.74770 0.54421 0.54421 0.87180
218 64 -1 -1 -1 -1 -1 4.77022 0.92850 0.76748 0.48897 0.48897 0.90835
219 1 -1 -1 -1 -1 -1 4.15972 2.91812 0.82830 0.58154 0.58154 0.96163
219 35 -1 -1 -1 -1 -1 2.81602 0.94628 0.75037 0.53537 0.53537 0.87094
219 64 -1 -1 -1 -1 -1 4.92478 1.05237 0.77796 0.47151 0.47151 0.94356
220 1 -1 -1 -1 -1 -1 3.98000 2.88391 0.81852 0.58253 0.58253 0.97562
220 35 -1 -1 -1 -1 -1 2.90544 0.78333 0.75652 0.53285 0.53285 0.89630
220 64 -1 -1 -1 -1 -1 5.06041 1.18244 0.78070 0.45405 0.45405 0.94019
221 1 -1 -1 -1 -1 -1 3.80610 2.82193 0.80998 0.58792 0.58792 0.97013
221 35 -1 -1 -1 -1 -1 3.01048 0.65741 0.75701 0.51676 0.51676 0.91208
221 64 -1 -1 -1 -1 -1 5.16696 1.30849 0.77901 0.45779 0.45779 0.93101
222 1 -1 -1 -1 -1 -1 3.64062 2.73856 0.80609 0.59948 0.59948 0.97858
222 35 -1 -1 -1 -1 -1 3.13769 0.56358 0.74468 0.49686 0.49686 0.89087
222 64 -1 -1 -1 -1 -1 5.23521 1.43856 0.77789 0.42000 0.42000 0.91714
223 1 -1 -1 -1 -1 -1 3.47955 2.63695 0.80686 0.61402 0.61402 0.97392
223 35 -1 -1 -1 -1 -1 3.28887 0.48776 0.72492 0.47831 0.47831 0.86202
223 64 -1 -1 -1 -1 -1 5.26941 1.57628 0.78064 0.38232 0.38232 0.91739
224 1 -1 -1 -1 -1 -1 3.32800 2.52147 0.81284 0.63303 0.63303 0.92820
224 35 -1 -1 -1 -1 -1 3.46229 0.42320 0.71084 0.46966 0.46966 0.85414
224 64 -1 -1 -1 -1 -1 5.28026 1.71626 0.78673 0.39877 0.39877 0.91605
225 1 -1 -1 -1 -1 -1 3.20331 2.39949 0.82364 0.65097 0.65097 0.92824
225 35 -1 -1 -1 -1 -1 3.65437 0.37812 0.70747 0.45926 0.45926 0.86022
225 64 -1 -1 -1 -1 -1 5.27139 1.85734 0.78915 0.41356 0.41356 0.92719
226 1 -1 -1 -1 -1 -1 3.11161 2.27349 0.83437 0.66628 0.66628 0.94538
226 35 -1 -1 -1 -1 -1 3.85908 0.36245 0.71121 0.45134 0.45134 0.87094
226 64 -1 -1 -1 -1 -1 5.24252 1.99521 0.78384 0.44730 0.44730 0.91397
227 1 -1 -1 -1 -1 -1 3.04426 2.14398 0.84040 0.67876 0.67876 0.92568
227 35 -1 -1 -1 -1 -1 4.06786 0.37454 0.71653 0.43101 0.43101 0.89844
227 64 -1 -1 -1 -1 -1 5.18902 2.13120 0.77685 0.47309 0.47309 0.86413
228 1 -1 -1 -1 -1 -1 2.99320 2.01373 0.84466 0.68930 0.68930 0.91435
228 35 -1 -1 -1 -1 -1 4.27117 0.40911 0.72031 0.41450 0.41450 0.89432
228 64 -1 -1 -1 -1 -1 5.10591 2.27150 0.77828 0.49398 0.49398 0.86971
229 1 -1 -1 -1 -1 -1 2.95827 1.88344 0.84688 0.70094 0.70094 0.94523
229 35 -1 -1 -1 -1 -1 4.46334 0.46798 0.72690 0.40402 0.40402 0.90243
229 64 -1 -1 -1 -1 -1 4.99339 2.40752 0.78642 0.51486 0.51486 0.92487
230 1 -1 -1 -1 -1 -1 2.94244 1.74722 0.84343 0.71440 0.71440 0.92289
230 35 -1 -1 -1 -1 -1 4.64248 0.56071 0.73860 0.40232 0.40232 0.90773
230 64 -1 -1 -1 -1 -1 4.86607 2.52363 0.79288 0.52285 0.52285 0.89996
231 1 -1 -1 -1 -1 -1 2.94339 1.59814 0.83820 0.72078 0.72078 0.91468
231 35 -1 -1 -1 -1 -1 4.80332 0.69127 0.75129 0.38024 0.38024 0.91207
231 64 -1 -1 -1 -1 -1 4.74174 2.61292 0.79614 0.53530 0.53530 0.91048
232 1 -1 -1 -1 -1 -1 2.95342 1.44096 0.83437 0.72142 0.72142 0.90123
232 35 -1 -1 -1 -1 -1 4.93911 0.84840 0.76092 0.36193 0.36193 0.92114
232 64 -1 -1 -1 -1 -1 4.61475 2.67765 0.79510 0.54866 0.54866 0.92167
233 1 -1 -1 -1 -1 -1 2.96141 1.28556 0.83124 0.71132 0.71132 0.89713
233 35 -1 -1 -1 -1 -1 5.04757 1.02110 0.76294 0.34981 0.34981 0.94085
233 64 -1 -1 -1 -1 -1 4.46945 2.72589 0.78929 0.56382 0.56382 0.91637
234 1 -1 -1 -1 -1 -1 2.95400 1.13736 0.83141 0.69150 0.69150 0.88423
234 35 -1 -1 -1 -1 -1 5.12826 1.21021 0.75525 0.34114 0.34114 0.92924
234 64 -1 -1 -1 -1 -1 4.30335 2.76022 0.78198 0.57449 0.57449 0.92506
235 1 -1 -1 -1 -1 -1 2.92224 1.00806 0.83384 0.65412 0.65412 0.92476
235 35 -1 -1 -1 -1 -1 5.17982 1.41259 0.74572 0.34035 0.34035 0.89710
235 64 -1 -1 -1 -1 -1 4.12538 2.77574 0.77650 0.58046 0.58046 0.93888
236 1 -1 -1 -1 -1 -1 2.86707 0.90625 0.83127 0.63676 0.63676 0.91754
236 35 -1 -1 -1 -1 -1 5.20127 1.61346 0.74785 0.34340 0.34340 0.88416
236 64 -1 -1 -1 -1 -1 3.94306 2.77584 0.77458 0.59102 0.59102 0.94351
237 1 -1 -1 -1 -1 -1 2.79058 0.82210 0.82394 0.63487 0.63487 0.91681
237 35 -1 -1 -1 -1 -1 5.19381 1.80166 0.76261 0.34805 0.34805 0.90857
237 64 -1 -1 -1 -1 -1 3.75972 2.76382 0.77550 0.60100 0.60100 0.95010
238 1 -1 -1 -1 -1 -1 2.68795 0.74733 0.81849 0.59439 0.59439 0.90819
238 35 -1 -1 -1 -1 -1 5.15882 1.97509 0.77253 0.37034 0.37034 0.93276
238 64 -1 -1 -1 -1 -1 3.57880 2.73017 0.77687 0.61099 0.61099 0.96181
239 1 -1 -1 -1 -1 -1 2.55717 0.68506 0.81773 0.59744 0.59744 0.93747
239 35 -1 -1 -1 -1 -1 5.09366 2.14256 0.76733 0.40687 0.40687 0.87294
239 64 -1 -1 -1 -1 -1 3.40346 2.66628 0.77797 0.62130 0.62130 0.92403
240 1 -1 -1 -1 -1 -1 2.41000 0.63606 0.82265 0.59686 0.59686 0.94509
240 35 -1 -1 -1 -1 -1 5.00423 2.30767 0.76076 0.42773 0.42773 0.84956
240 64 -1 -1 -1 -1 -1 3.24069 2.57110 0.78360 0.63815 0.63815 0.89813
241 1 -1 -1 -1 -1 -1 2.26203 0.60014 0.83624 0.56582 0.56582 0.92712
241 35 -1 -1 -1 -1 -1 4.89360 2.45880 0.76368 0.45697 0.45697 0.88277
241 64 -1 -1 -1 -1 -1 3.10357 2.44233 0.79680 0.65341 0.65341 0.89760
242 1 -1 -1 -1 -1 -1 2.12090 0.58052 0.85757 0.56662 0.56662 0.91947
242 35 -1 -1 -1 -1 -1 4.74496 2.59134 0.77009 0.48043 0.48043 0.90729
242 64 -1 -1 -1 -1 -1 3.00383 2.27373 0.80902 0.66519 0.66519 0.89795
243 35 -1 -1 -1 -1 -1 4.54848 2.70166 0.77038 0.50305 0.50305 0.91902
243 64 -1 -1 -1 -1 -1 2.94789 2.06561 0.80977 0.68060 0.68060 0.88189
244 35 -1 -1 -1 -1 -1 4.31639 2.77064 0.75929 0.52459 0.52459 0.91020
244 64 -1 -1 -1 -1 -1 2.93219 1.83548 0.79957 0.69094 0.69094 0.88069
245 35 -1 -1 -1 -1 -1 4.07423 2.77787 0.74515 0.54716 0.54716 0.88199
245 64 -1 -1 -1 -1 -1 2.93975 1.60558 0.78628 0.69746 0.69746 0.86506
246 35 -1 -1 -1 -1 -1 3.85213 2.71916 0.74093 0.57117 0.57117 0.90350
246 64 -1 -1 -1 -1 -1 2.94845 1.38572 0.77342 0.69195 0.69195 0.88277
247 35 -1 -1 -1 -1 -1 3.67127 2.60896 0.74558 0.58735 0.58735 0.89588
247 64 -1 -1 -1 -1 -1 2.93540 1.18094 0.76077 0.70068 0.70068 0.86023
248 35 -1 -1 -1 -1 -1 3.53788 2.47389 0.75202 0.60990 0.60990 0.88751
248 64 -1 -1 -1 -1 -1 2.88078 1.00227 0.75379 0.67639 0.67639 0.84580
249 35 -1 -1 -1 -1 -1 3.44931 2.33473 0.75835 0.62949 0.62949 0.88155
249 64 -1 -1 -1 -1 -1 2.77559 0.86602 0.76014 0.65454 0.65454 0.86240
250 35 -1 -1 -1 -1 -1 3.39628 2.19259 0.76360 0.64692 0.64692 0.86082
250 64 -1 -1 -1 -1 -1 2.62512 0.78205 0.77758 0.67587 0.67587 0.91793
251 35 -1 -1 -1 -1 -1 3.36353 2.04762 0.76657 0.66326 0.66326 0.86320
251 64 -1 -1 -1 -1 -1 2.44667 0.74052 0.79557 0.66504 0.66504 0.90788
252 35 -1 -1 -1 -1 -1 3.33462 1.90694 0.76690 0.66819 0.66819 0.86442
252 64 -1 -1 -1 -1 -1 2.25737 0.72724 0.80812 0.66993 0.66993 0.90135
253 35 -1 -1 -1 -1 -1 3.29750 1.76601 0.76606 0.66108 0.66108 0.85812
253 64 -1 -1 -1 -1 -1 2.06622 0.73598 0.81463 0.67424 0.67424 0.89822
254 35 -1 -1 -1 -1 -1 3.24224 1.61823 0.76808 0.65609 0.65609 0.84743
255 35 -1 -1 -1 -1 -1 3.15988 1.46221 0.77393 0.64896 0.64896 0.87132
256 35 -1 -1 -1 -1 -1 3.04698 1.29510 0.77781 0.61373 0.61373 0.88451
257 35 -1 -1 -1 -1 -1 2.90363 1.12578 0.77674 0.61175 0.61175 0.85629
258 35 -1 -1 -1 -1 -1 2.73025 0.97646 0.77687 0.59600 0.59600 0.85191
259 35 -1 -1 -1 -1 -1 2.53219 0.86364 0.78383 0.54766 0.54766 0.85662
260 35 -1 -1 -1 -1 -1 2.31963 0.78549 0.79686 0.54697 0.54697 0.87085
261 35 -1 -1 -1 -1 -1 2.10137 0.72630 0.81270 0.54908 0.54908 0.88354
