1 1 -1 -1 -1 -1 -1 2.17256 0.55355 0.82115 0.53290 0.53290 0.82115
2 1 -1 -1 -1 -1 -1 2.28427 0.55215 0.82115 0.53290 0.53290 0.82115
3 1 -1 -1 -1 -1 -1 2.42213 0.55314 0.82115 0.53290 0.53290 0.82115
4 1 -1 -1 -1 -1 -1 2.53623 0.54844 0.82115 0.53290 0.53290 0.82115
5 1 -1 -1 -1 -1 -1 2.62924 0.47957 0.82115 0.53290 0.53290 0.82115
6 1 -1 -1 -1 -1 -1 2.85700 0.42073 0.82115 0.53290 0.53290 0.82115
7 1 -1 -1 -1 -1 -1 3.07769 0.47703 0.82115 0.53290 0.53290 0.82115
8 1 -1 -1 -1 -1 -1 3.09147 0.47900 0.82115 0.53290 0.53290 0.82115
9 1 -1 -1 -1 -1 -1 3.35010 0.40376 0.82115 0.53290 0.53290 0.82115
10 1 -1 -1 -1 -1 -1 3.56933 0.41593 0.82115 0.53290 0.53290 0.82115
11 1 -1 -1 -1 -1 -1 3.71006 0.43312 0.82115 0.53290 0.53290 0.82115
12 1 -1 -1 -1 -1 -1 3.79710 0.39538 0.82115 0.53290 0.53290 0.82115
13 1 -1 -1 -1 -1 -1 4.09898 0.37621 0.82115 0.53290 0.53290 0.82115
14 1 -1 -1 -1 -1 -1 4.24687 0.43901 0.82115 0.53290 0.53290 0.82115
15 1 -1 -1 -1 -1 -1 4.32807 0.38778 0.82115 0.53290 0.53290 0.82115
16 1 -1 -1 -1 -1 -1 4.70400 0.43300 0.82115 0.53290 0.53290 0.82115
17 1 -1 -1 -1 -1 -1 4.79073 0.51593 0.82115 0.53290 0.53290 0.82115
18 1 -1 -1 -1 -1 -1 4.96708 0.54627 0.82115 0.53290 0.53290 0.82115
19 1 -1 -1 -1 -1 -1 5.20484 0.64864 0.82115 0.53290 0.53290 0.82115
20 1 -1 -1 -1 -1 -1 5.29874 0.81912 0.82115 0.53290 0.53290 0.82115
21 1 -1 -1 -1 -1 -1 5.36042 0.91026 0.82115 0.53290 0.53290 0.82115
22 1 -1 -1 -1 -1 -1 5.44630 1.11959 0.82115 0.53290 0.53290 0.82115
23 1 -1 -1 -1 -1 -1 5.49414 1.35159 0.82115 0.53290 0.53290 0.82115
24 1 -1 -1 -1 -1 -1 5.52753 1.53953 0.82115 0.53290 0.53290 0.82115
25 1 -1 -1 -1 -1 -1 5.47788 1.72471 0.82115 0.53290 0.53290 0.82115
26 1 -1 -1 -1 -1 -1 5.46853 1.94847 0.82115 0.53290 0.53290 0.82115
27 1 -1 -1 -1 -1 -1 5.40571 2.12844 0.82115 0.53290 0.53290 0.82115
28 1 -1 -1 -1 -1 -1 5.37907 2.32303 0.82115 0.53290 0.53290 0.82115
29 1 -1 -1 -1 -1 -1 5.26206 2.47702 0.82115 0.53290 0.53290 0.82115
30 1 -1 -1 -1 -1 -1 5.11087 2.59217 0.82115 0.53290 0.53290 0.82115
31 1 -1 -1 -1 -1 -1 5.00600 2.77313 0.82115 0.53290 0.53290 0.82115
32 1 -1 -1 -1 -1 -1 4.80616 2.85077 0.82115 0.53290 0.53290 0.82115
33 1 -1 -1 -1 -1 -1 4.76457 2.87427 0.82115 0.53290 0.53290 0.82115
34 1 -1 -1 -1 -1 -1 4.53219 2.97175 0.82115 0.53290 0.53290 0.82115
35 1 -1 -1 -1 -1 -1 4.34610 3.00099 0.82115 0.53290 0.53290 0.82115
36 1 -1 -1 -1 -1 -1 4.13093 2.99448 0.82115 0.53290 0.53290 0.82115
37 1 -1 -1 -1 -1 -1 3.89003 2.99049 0.82115 0.53290 0.53290 0.82115
37 2 -1 -1 -1 -1 -1 2.43946 0.70863 0.74680 0.48780 0.48780 0.74680
38 1 -1 -1 -1 -1 -1 3.84095 2.94261 0.82115 0.53290 0.53290 0.82115
38 2 -1 -1 -1 -1 -1 2.48029 0.68349 0.74680 0.48780 0.48780 0.74680
39 1 -1 -1 -1 -1 -1 3.61016 2.87844 0.82115 0.53290 0.53290 0.82115
39 2 -1 -1 -1 -1 -1 2.77075 0.62156 0.74680 0.48780 0.48780 0.74680
40 1 -1 -1 -1 -1 -1 3.34785 2.86652 0.82115 0.53290 0.53290 0.82115
40 2 -1 -1 -1 -1 -1 2.97917 0.62285 0.74680 0.48780 0.48780 0.74680
41 1 -1 -1 -1 -1 -1 3.31516 2.81920 0.82115 0.53290 0.53290 0.82115
41 2 -1 -1 -1 -1 -1 3.10407 0.55680 0.74680 0.48780 0.48780 0.74680
42 1 -1 -1 -1 -1 -1 3.20330 2.68939 0.82115 0.53290 0.53290 0.82115
42 2 -1 -1 -1 -1 -1 3.50009 0.53123 0.74680 0.48780 0.48780 0.74680
43 1 -1 -1 -1 -1 -1 2.89637 2.52365 0.82115 0.53290 0.53290 0.82115
43 2 -1 -1 -1 -1 -1 3.67851 0.55614 0.74680 0.48780 0.48780 0.74680
44 1 -1 -1 -1 -1 -1 2.86460 2.43420 0.82115 0.53290 0.53290 0.82115
44 2 -1 -1 -1 -1 -1 3.85045 0.52744 0.74680 0.48780 0.48780 0.74680
45 1 -1 -1 -1 -1 -1 2.83734 2.28991 0.82115 0.53290 0.53290 0.82115
45 2 -1 -1 -1 -1 -1 4.17252 0.55591 0.74680 0.48780 0.48780 0.74680
46 1 -1 -1 -1 -1 -1 2.74933 2.12269 0.82115 0.53290 0.53290 0.82115
46 2 -1 -1 -1 -1 -1 4.25343 0.56581 0.74680 0.48780 0.48780 0.74680
47 1 -1 -1 -1 -1 -1 2.75481 1.94593 0.82115 0.53290 0.53290 0.82115
47 2 -1 -1 -1 -1 -1 4.52148 0.63289 0.74680 0.48780 0.48780 0.74680
48 1 -1 -1 -1 -1 -1 2.68799 1.81797 0.82115 0.53290 0.53290 0.82115
48 2 -1 -1 -1 -1 -1 4.71625 0.72314 0.74680 0.48780 0.48780 0.74680
49 1 -1 -1 -1 -1 -1 2.70438 1.69796 0.82115 0.53290 0.53290 0.82115
49 2 -1 -1 -1 -1 -1 4.83969 0.72622 0.74680 0.48780 0.48780 0.74680
50 1 -1 -1 -1 -1 -1 2.68885 1.48347 0.82115 0.53290 0.53290 0.82115
50 2 -1 -1 -1 -1 -1 4.99887 0.91061 0.74680 0.48780 0.48780 0.74680
51 1 -1 -1 -1 -1 -1 2.77570 1.23801 0.82115 0.53290 0.53290 0.82115
51 2 -1 -1 -1 -1 -1 5.18350 1.08643 0.74680 0.48780 0.48780 0.74680
52 1 -1 -1 -1 -1 -1 2.82120 1.13105 0.82115 0.53290 0.53290 0.82115
52 2 -1 -1 -1 -1 -1 5.21617 1.18569 0.74680 0.48780 0.48780 0.74680
53 1 -1 -1 -1 -1 -1 2.82860 0.98794 0.82115 0.53290 0.53290 0.82115
53 2 -1 -1 -1 -1 -1 5.34614 1.35175 0.74680 0.48780 0.48780 0.74680
54 1 -1 -1 -1 -1 -1 2.99789 0.80023 0.82115 0.53290 0.53290 0.82115
54 2 -1 -1 -1 -1 -1 5.30496 1.56925 0.74680 0.48780 0.48780 0.74680
55 1 -1 -1 -1 -1 -1 3.07983 0.71943 0.82115 0.53290 0.53290 0.82115
55 2 -1 -1 -1 -1 -1 5.24789 1.71499 0.74680 0.48780 0.48780 0.74680
56 1 -1 -1 -1 -1 -1 3.16156 0.62274 0.82115 0.53290 0.53290 0.82115
56 2 -1 -1 -1 -1 -1 5.27207 1.93527 0.74680 0.48780 0.48780 0.74680
57 1 -1 -1 -1 -1 -1 3.28938 0.51057 0.82115 0.53290 0.53290 0.82115
57 2 -1 -1 -1 -1 -1 5.25592 2.06545 0.74680 0.48780 0.48780 0.74680
58 1 -1 -1 -1 -1 -1 3.50427 0.42785 0.82115 0.53290 0.53290 0.82115
58 2 -1 -1 -1 -1 -1 5.11376 2.22537 0.74680 0.48780 0.48780 0.74680
59 1 -1 -1 -1 -1 -1 3.67433 0.40303 0.82115 0.53290 0.53290 0.82115
59 2 -1 -1 -1 -1 -1 4.97240 2.40119 0.74680 0.48780 0.48780 0.74680
60 1 -1 -1 -1 -1 -1 3.88877 0.30864 0.82115 0.53290 0.53290 0.82115
60 2 -1 -1 -1 -1 -1 4.89163 2.49024 0.74680 0.48780 0.48780 0.74680
61 1 -1 -1 -1 -1 -1 4.04699 0.34157 0.82115 0.53290 0.53290 0.82115
61 2 -1 -1 -1 -1 -1 4.77064 2.56692 0.74680 0.48780 0.48780 0.74680
62 1 -1 -1 -1 -1 -1 4.24588 0.36819 0.82115 0.53290 0.53290 0.82115
62 2 -1 -1 -1 -1 -1 4.56687 2.63805 0.74680 0.48780 0.48780 0.74680
63 1 -1 -1 -1 -1 -1 4.39184 0.39653 0.82115 0.53290 0.53290 0.82115
63 2 -1 -1 -1 -1 -1 4.41075 2.71197 0.74680 0.48780 0.48780 0.74680
64 1 -1 -1 -1 -1 -1 4.74524 0.39823 0.82115 0.53290 0.53290 0.82115
64 2 -1 -1 -1 -1 -1 4.21820 2.76172 0.74680 0.48780 0.48780 0.74680
65 1 -1 -1 -1 -1 -1 4.80144 0.54460 0.82115 0.53290 0.53290 0.82115
65 2 -1 -1 -1 -1 -1 4.13701 2.78710 0.74680 0.48780 0.48780 0.74680
65 3 -1 -1 -1 -1 -1 2.08149 0.57189 0.77455 0.53930 0.53930 0.77455
66 1 -1 -1 -1 -1 -1 4.92076 0.55254 0.82115 0.53290 0.53290 0.82115
66 2 -1 -1 -1 -1 -1 3.96031 2.83395 0.74680 0.48780 0.48780 0.74680
66 3 -1 -1 -1 -1 -1 2.39777 0.55893 0.77455 0.53930 0.53930 0.77455
67 1 -1 -1 -1 -1 -1 5.27453 0.72084 0.82115 0.53290 0.53290 0.82115
67 2 -1 -1 -1 -1 -1 3.72513 2.87640 0.74680 0.48780 0.48780 0.74680
67 3 -1 -1 -1 -1 -1 2.70529 0.60365 0.77455 0.53930 0.53930 0.77455
68 1 -1 -1 -1 -1 -1 5.30399 0.86887 0.82115 0.53290 0.53290 0.82115
68 2 -1 -1 -1 -1 -1 3.67324 2.89536 0.74680 0.48780 0.48780 0.74680
68 3 -1 -1 -1 -1 -1 2.85462 0.53488 0.77455 0.53930 0.53930 0.77455
69 1 -1 -1 -1 -1 -1 5.35012 0.94137 0.82115 0.53290 0.53290 0.82115
69 2 -1 -1 -1 -1 -1 3.52988 2.86256 0.74680 0.48780 0.48780 0.74680
69 3 -1 -1 -1 -1 -1 3.08364 0.53854 0.77455 0.53930 0.53930 0.77455
70 1 -1 -1 -1 -1 -1 5.46717 1.17274 0.82115 0.53290 0.53290 0.82115
70 2 -1 -1 -1 -1 -1 3.26468 2.79038 0.74680 0.48780 0.48780 0.74680
70 3 -1 -1 -1 -1 -1 3.26272 0.53485 0.77455 0.53930 0.53930 0.77455
71 1 -1 -1 -1 -1 -1 5.46354 1.39105 0.82115 0.53290 0.53290 0.82115
71 2 -1 -1 -1 -1 -1 3.15791 2.74282 0.74680 0.48780 0.48780 0.74680
71 3 -1 -1 -1 -1 -1 3.58235 0.49945 0.77455 0.53930 0.53930 0.77455
72 1 -1 -1 -1 -1 -1 5.50272 1.55328 0.82115 0.53290 0.53290 0.82115
72 2 -1 -1 -1 -1 -1 3.00120 2.65511 0.74680 0.48780 0.48780 0.74680
72 3 -1 -1 -1 -1 -1 3.74911 0.45465 0.77455 0.53930 0.53930 0.77455
73 1 -1 -1 -1 -1 -1 5.60055 1.72943 0.82115 0.53290 0.53290 0.82115
73 2 -1 -1 -1 -1 -1 2.82294 2.54957 0.74680 0.48780 0.48780 0.74680
73 3 -1 -1 -1 -1 -1 3.86475 0.48410 0.77455 0.53930 0.53930 0.77455
74 1 -1 -1 -1 -1 -1 5.49677 1.95150 0.82115 0.53290 0.53290 0.82115
74 2 -1 -1 -1 -1 -1 2.79580 2.40607 0.74680 0.48780 0.48780 0.74680
74 3 -1 -1 -1 -1 -1 4.18475 0.49117 0.77455 0.53930 0.53930 0.77455
75 1 -1 -1 -1 -1 -1 5.41062 2.16912 0.82115 0.53290 0.53290 0.82115
75 2 -1 -1 -1 -1 -1 2.75412 2.19510 0.74680 0.48780 0.48780 0.74680
75 3 -1 -1 -1 -1 -1 4.40227 0.48901 0.77455 0.53930 0.53930 0.77455
76 1 -1 -1 -1 -1 -1 5.30712 2.37228 0.82115 0.53290 0.53290 0.82115
76 2 -1 -1 -1 -1 -1 2.72108 2.04216 0.74680 0.48780 0.48780 0.74680
76 3 -1 -1 -1 -1 -1 4.49660 0.47068 0.77455 0.53930 0.53930 0.77455
77 1 -1 -1 -1 -1 -1 5.24767 2.45870 0.82115 0.53290 0.53290 0.82115
77 2 -1 -1 -1 -1 -1 2.77672 1.88539 0.74680 0.48780 0.48780 0.74680
77 3 -1 -1 -1 -1 -1 4.74849 0.54347 0.77455 0.53930 0.53930 0.77455
78 1 -1 -1 -1 -1 -1 5.01576 2.61464 0.82115 0.53290 0.53290 0.82115
78 2 -1 -1 -1 -1 -1 2.80218 1.81725 0.74680 0.48780 0.48780 0.74680
78 3 -1 -1 -1 -1 -1 4.82753 0.63531 0.77455 0.53930 0.53930 0.77455
79 1 -1 -1 -1 -1 -1 4.89982 2.74533 0.82115 0.53290 0.53290 0.82115
79 2 -1 -1 -1 -1 -1 2.82864 1.60969 0.74680 0.48780 0.48780 0.74680
79 3 -1 -1 -1 -1 -1 4.89363 0.67204 0.77455 0.53930 0.53930 0.77455
80 1 -1 -1 -1 -1 -1 4.69607 2.81758 0.82115 0.53290 0.53290 0.82115
80 2 -1 -1 -1 -1 -1 2.84909 1.43817 0.74680 0.48780 0.48780 0.74680
80 3 -1 -1 -1 -1 -1 5.15998 0.82357 0.77455 0.53930 0.53930 0.77455
81 1 -1 -1 -1 -1 -1 4.56121 2.88726 0.82115 0.53290 0.53290 0.82115
81 2 -1 -1 -1 -1 -1 2.88798 1.33533 0.74680 0.48780 0.48780 0.74680
81 3 -1 -1 -1 -1 -1 5.22895 0.96947 0.77455 0.53930 0.53930 0.77455
82 1 -1 -1 -1 -1 -1 4.26704 3.00109 0.82115 0.53290 0.53290 0.82115
82 2 -1 -1 -1 -1 -1 3.02759 1.11084 0.74680 0.48780 0.48780 0.74680
82 3 -1 -1 -1 -1 -1 5.39251 1.03663 0.77455 0.53930 0.53930 0.77455
83 1 -1 -1 -1 -1 -1 4.21678 3.00641 0.82115 0.53290 0.53290 0.82115
83 2 -1 -1 -1 -1 -1 3.06038 0.99962 0.74680 0.48780 0.48780 0.74680
83 3 -1 -1 -1 -1 -1 5.44485 1.25132 0.77455 0.53930 0.53930 0.77455
84 1 -1 -1 -1 -1 -1 3.93703 2.98716 0.82115 0.53290 0.53290 0.82115
84 2 -1 -1 -1 -1 -1 3.14667 0.82135 0.74680 0.48780 0.48780 0.74680
84 3 -1 -1 -1 -1 -1 5.41618 1.42829 0.77455 0.53930 0.53930 0.77455
85 1 -1 -1 -1 -1 -1 3.72290 3.03672 0.82115 0.53290 0.53290 0.82115
85 2 -1 -1 -1 -1 -1 3.25154 0.75384 0.74680 0.48780 0.48780 0.74680
85 3 -1 -1 -1 -1 -1 5.44060 1.58335 0.77455 0.53930 0.53930 0.77455
86 1 -1 -1 -1 -1 -1 3.60233 2.97990 0.82115 0.53290 0.53290 0.82115
86 2 -1 -1 -1 -1 -1 3.33874 0.71094 0.74680 0.48780 0.48780 0.74680
86 3 -1 -1 -1 -1 -1 5.43510 1.80996 0.77455 0.53930 0.53930 0.77455
87 1 -1 -1 -1 -1 -1 3.25748 2.88457 0.82115 0.53290 0.53290 0.82115
87 2 -1 -1 -1 -1 -1 3.52815 0.57203 0.74680 0.48780 0.48780 0.74680
87 3 -1 -1 -1 -1 -1 5.41413 1.97375 0.77455 0.53930 0.53930 0.77455
88 1 -1 -1 -1 -1 -1 3.18992 2.80591 0.82115 0.53290 0.53290 0.82115
88 2 -1 -1 -1 -1 -1 3.57547 0.54039 0.74680 0.48780 0.48780 0.74680
88 3 -1 -1 -1 -1 -1 5.33126 2.13808 0.77455 0.53930 0.53930 0.77455
89 1 -1 -1 -1 -1 -1 3.12678 2.71175 0.82115 0.53290 0.53290 0.82115
89 2 -1 -1 -1 -1 -1 3.69840 0.46424 0.74680 0.48780 0.48780 0.74680
89 3 -1 -1 -1 -1 -1 5.37772 2.27593 0.77455 0.53930 0.53930 0.77455
90 1 -1 -1 -1 -1 -1 2.90116 2.62294 0.82115 0.53290 0.53290 0.82115
90 2 -1 -1 -1 -1 -1 4.00902 0.43881 0.74680 0.48780 0.48780 0.74680
90 3 -1 -1 -1 -1 -1 5.22442 2.40705 0.77455 0.53930 0.53930 0.77455
91 1 -1 -1 -1 -1 -1 2.79466 2.44908 0.82115 0.53290 0.53290 0.82115
91 2 -1 -1 -1 -1 -1 4.08525 0.43827 0.74680 0.48780 0.48780 0.74680
91 3 -1 -1 -1 -1 -1 5.14997 2.58523 0.77455 0.53930 0.53930 0.77455
92 1 -1 -1 -1 -1 -1 2.64800 2.31228 0.82115 0.53290 0.53290 0.82115
92 2 -1 -1 -1 -1 -1 4.28095 0.44687 0.74680 0.48780 0.48780 0.74680
92 3 -1 -1 -1 -1 -1 4.95622 2.63872 0.77455 0.53930 0.53930 0.77455
93 1 -1 -1 -1 -1 -1 2.51204 2.12535 0.82115 0.53290 0.53290 0.82115
93 2 -1 -1 -1 -1 -1 4.43266 0.45438 0.74680 0.48780 0.48780 0.74680
93 3 -1 -1 -1 -1 -1 4.84712 2.73542 0.77455 0.53930 0.53930 0.77455
94 1 -1 -1 -1 -1 -1 2.53834 2.00952 0.82115 0.53290 0.53290 0.82115
94 2 -1 -1 -1 -1 -1 4.51397 0.51907 0.74680 0.48780 0.48780 0.74680
94 3 -1 -1 -1 -1 -1 4.80436 2.93694 0.77455 0.53930 0.53930 0.77455
95 1 -1 -1 -1 -1 -1 2.55087 1.76657 0.82115 0.53290 0.53290 0.82115
95 2 -1 -1 -1 -1 -1 4.87614 0.54532 0.74680 0.48780 0.48780 0.74680
95 3 -1 -1 -1 -1 -1 4.49676 2.94491 0.77455 0.53930 0.53930 0.77455
96 1 -1 -1 -1 -1 -1 2.49199 1.62223 0.82115 0.53290 0.53290 0.82115
96 2 -1 -1 -1 -1 -1 5.04966 0.57784 0.74680 0.48780 0.48780 0.74680
96 3 -1 -1 -1 -1 -1 4.34284 2.91672 0.77455 0.53930 0.53930 0.77455
97 1 -1 -1 -1 -1 -1 2.50386 1.36764 0.82115 0.53290 0.53290 0.82115
97 2 -1 -1 -1 -1 -1 5.03866 0.69250 0.74680 0.48780 0.48780 0.74680
97 3 -1 -1 -1 -1 -1 4.15950 2.93368 0.77455 0.53930 0.53930 0.77455
98 1 -1 -1 -1 -1 -1 2.54236 1.17517 0.82115 0.53290 0.53290 0.82115
98 2 -1 -1 -1 -1 -1 5.28179 0.84845 0.74680 0.48780 0.48780 0.74680
98 3 -1 -1 -1 -1 -1 4.15157 2.93244 0.77455 0.53930 0.53930 0.77455
99 1 -1 -1 -1 -1 -1 2.66460 1.00143 0.82115 0.53290 0.53290 0.82115
99 2 -1 -1 -1 -1 -1 5.23214 0.98515 0.74680 0.48780 0.48780 0.74680
99 3 -1 -1 -1 -1 -1 3.88503 2.90709 0.77455 0.53930 0.53930 0.77455
100 1 -1 -1 -1 -1 -1 2.82458 0.78964 0.82115 0.53290 0.53290 0.82115
100 2 -1 -1 -1 -1 -1 5.34099 1.15930 0.74680 0.48780 0.48780 0.74680
100 3 -1 -1 -1 -1 -1 3.60721 2.93224 0.77455 0.53930 0.53930 0.77455
101 1 -1 -1 -1 -1 -1 2.92874 0.70143 0.82115 0.53290 0.53290 0.82115
101 2 -1 -1 -1 -1 -1 5.38856 1.41070 0.74680 0.48780 0.48780 0.74680
101 3 -1 -1 -1 -1 -1 3.50673 2.88401 0.77455 0.53930 0.53930 0.77455
102 1 -1 -1 -1 -1 -1 3.02636 0.61789 0.82115 0.53290 0.53290 0.82115
102 2 -1 -1 -1 -1 -1 5.37029 1.54368 0.74680 0.48780 0.48780 0.74680
102 3 -1 -1 -1 -1 -1 3.30808 2.85832 0.77455 0.53930 0.53930 0.77455
103 1 -1 -1 -1 -1 -1 3.33392 0.42951 0.82115 0.53290 0.53290 0.82115
103 2 -1 -1 -1 -1 -1 5.34614 1.75187 0.74680 0.48780 0.48780 0.74680
103 3 -1 -1 -1 -1 -1 3.11992 2.78529 0.77455 0.53930 0.53930 0.77455
104 1 -1 -1 -1 -1 -1 3.47225 0.40399 0.82115 0.53290 0.53290 0.82115
104 2 -1 -1 -1 -1 -1 5.34817 1.90192 0.74680 0.48780 0.48780 0.74680
104 3 -1 -1 -1 -1 -1 2.98622 2.69642 0.77455 0.53930 0.53930 0.77455
105 1 -1 -1 -1 -1 -1 3.60655 0.37495 0.82115 0.53290 0.53290 0.82115
105 2 -1 -1 -1 -1 -1 5.27670 2.04726 0.74680 0.48780 0.48780 0.74680
105 3 -1 -1 -1 -1 -1 2.82727 2.59447 0.77455 0.53930 0.53930 0.77455
106 1 -1 -1 -1 -1 -1 3.89231 0.35975 0.82115 0.53290 0.53290 0.82115
106 2 -1 -1 -1 -1 -1 5.15370 2.21476 0.74680 0.48780 0.48780 0.74680
106 3 -1 -1 -1 -1 -1 2.71805 2.46035 0.77455 0.53930 0.53930 0.77455
107 1 -1 -1 -1 -1 -1 4.04552 0.35202 0.82115 0.53290 0.53290 0.82115
107 2 -1 -1 -1 -1 -1 5.04956 2.36374 0.74680 0.48780 0.48780 0.74680
107 3 -1 -1 -1 -1 -1 2.70535 2.30860 0.77455 0.53930 0.53930 0.77455
108 1 -1 -1 -1 -1 -1 4.19896 0.36847 0.82115 0.53290 0.53290 0.82115
108 2 -1 -1 -1 -1 -1 4.90323 2.46999 0.74680 0.48780 0.48780 0.74680
108 3 -1 -1 -1 -1 -1 2.67073 2.17183 0.77455 0.53930 0.53930 0.77455
109 1 -1 -1 -1 -1 -1 4.52102 0.34176 0.82115 0.53290 0.53290 0.82115
109 2 -1 -1 -1 -1 -1 4.76254 2.59139 0.74680 0.48780 0.48780 0.74680
109 3 -1 -1 -1 -1 -1 2.61728 1.98081 0.77455 0.53930 0.53930 0.77455
110 1 -1 -1 -1 -1 -1 4.63701 0.47636 0.82115 0.53290 0.53290 0.82115
110 2 -1 -1 -1 -1 -1 4.59110 2.67892 0.74680 0.48780 0.48780 0.74680
110 3 -1 -1 -1 -1 -1 2.61332 1.80377 0.77455 0.53930 0.53930 0.77455
111 1 -1 -1 -1 -1 -1 4.88816 0.51313 0.82115 0.53290 0.53290 0.82115
111 2 -1 -1 -1 -1 -1 4.33272 2.70705 0.74680 0.48780 0.48780 0.74680
111 3 -1 -1 -1 -1 -1 2.53697 1.57236 0.77455 0.53930 0.53930 0.77455
112 1 -1 -1 -1 -1 -1 5.14871 0.71308 0.82115 0.53290 0.53290 0.82115
112 2 -1 -1 -1 -1 -1 4.26088 2.75249 0.74680 0.48780 0.48780 0.74680
112 3 -1 -1 -1 -1 -1 2.58694 1.32818 0.77455 0.53930 0.53930 0.77455
113 1 -1 -1 -1 -1 -1 5.25134 0.84185 0.82115 0.53290 0.53290 0.82115
113 2 -1 -1 -1 -1 -1 3.97495 2.78080 0.74680 0.48780 0.48780 0.74680
113 3 -1 -1 -1 -1 -1 2.70652 1.14724 0.77455 0.53930 0.53930 0.77455
114 1 -1 -1 -1 -1 -1 5.29374 0.97515 0.82115 0.53290 0.53290 0.82115
114 2 -1 -1 -1 -1 -1 3.83663 2.86873 0.74680 0.48780 0.48780 0.74680
114 3 -1 -1 -1 -1 -1 2.67447 1.05446 0.77455 0.53930 0.53930 0.77455
115 1 -1 -1 -1 -1 -1 5.35992 1.22957 0.82115 0.53290 0.53290 0.82115
115 2 -1 -1 -1 -1 -1 3.70907 2.85368 0.74680 0.48780 0.48780 0.74680
115 3 -1 -1 -1 -1 -1 2.74712 0.90835 0.77455 0.53930 0.53930 0.77455
116 1 -1 -1 -1 -1 -1 5.45598 1.40423 0.82115 0.53290 0.53290 0.82115
116 2 -1 -1 -1 -1 -1 3.40950 2.86213 0.74680 0.48780 0.48780 0.74680
116 3 -1 -1 -1 -1 -1 2.96104 0.79535 0.77455 0.53930 0.53930 0.77455
117 1 -1 -1 -1 -1 -1 5.44338 1.56359 0.82115 0.53290 0.53290 0.82115
117 2 -1 -1 -1 -1 -1 3.30358 2.81918 0.74680 0.48780 0.48780 0.74680
117 3 -1 -1 -1 -1 -1 3.05992 0.67824 0.77455 0.53930 0.53930 0.77455
118 1 -1 -1 -1 -1 -1 5.31968 1.76838 0.82115 0.53290 0.53290 0.82115
118 2 -1 -1 -1 -1 -1 3.12632 2.75082 0.74680 0.48780 0.48780 0.74680
118 3 -1 -1 -1 -1 -1 3.24626 0.57022 0.77455 0.53930 0.53930 0.77455
119 1 -1 -1 -1 -1 -1 5.41383 1.89603 0.82115 0.53290 0.53290 0.82115
119 2 -1 -1 -1 -1 -1 3.03866 2.58154 0.74680 0.48780 0.48780 0.74680
119 3 -1 -1 -1 -1 -1 3.34490 0.57911 0.77455 0.53930 0.53930 0.77455
120 1 -1 -1 -1 -1 -1 5.26856 2.13563 0.82115 0.53290 0.53290 0.82115
120 2 -1 -1 -1 -1 -1 2.95534 2.43066 0.74680 0.48780 0.48780 0.74680
120 3 -1 -1 -1 -1 -1 3.52512 0.55130 0.77455 0.53930 0.53930 0.77455
121 1 -1 -1 -1 -1 -1 5.07964 2.33678 0.82115 0.53290 0.53290 0.82115
121 2 -1 -1 -1 -1 -1 2.92815 2.30163 0.74680 0.48780 0.48780 0.74680
121 3 -1 -1 -1 -1 -1 3.75998 0.51692 0.77455 0.53930 0.53930 0.77455
122 1 -1 -1 -1 -1 -1 5.03134 2.44462 0.82115 0.53290 0.53290 0.82115
122 2 -1 -1 -1 -1 -1 2.82515 2.14020 0.74680 0.48780 0.48780 0.74680
122 3 -1 -1 -1 -1 -1 3.84075 0.52503 0.77455 0.53930 0.53930 0.77455
123 1 -1 -1 -1 -1 -1 4.83820 2.64100 0.82115 0.53290 0.53290 0.82115
123 2 -1 -1 -1 -1 -1 2.78570 1.99136 0.74680 0.48780 0.48780 0.74680
123 3 -1 -1 -1 -1 -1 3.99061 0.51440 0.77455 0.53930 0.53930 0.77455
124 1 -1 -1 -1 -1 -1 4.63991 2.76537 0.82115 0.53290 0.53290 0.82115
124 2 -1 -1 -1 -1 -1 2.82494 1.74991 0.74680 0.48780 0.48780 0.74680
124 3 -1 -1 -1 -1 -1 4.23156 0.54008 0.77455 0.53930 0.53930 0.77455
125 1 -1 -1 -1 -1 -1 4.49601 2.82135 0.82115 0.53290 0.53290 0.82115
125 2 -1 -1 -1 -1 -1 2.80695 1.59797 0.74680 0.48780 0.48780 0.74680
125 3 -1 -1 -1 -1 -1 4.27463 0.59949 0.77455 0.53930 0.53930 0.77455
126 1 -1 -1 -1 -1 -1 4.31405 2.92709 0.82115 0.53290 0.53290 0.82115
126 2 -1 -1 -1 -1 -1 2.81873 1.42430 0.74680 0.48780 0.48780 0.74680
126 3 -1 -1 -1 -1 -1 4.38808 0.58910 0.77455 0.53930 0.53930 0.77455
127 1 -1 -1 -1 -1 -1 4.14582 2.95392 0.82115 0.53290 0.53290 0.82115
127 2 -1 -1 -1 -1 -1 2.83229 1.23516 0.74680 0.48780 0.48780 0.74680
127 3 -1 -1 -1 -1 -1 4.68316 0.72636 0.77455 0.53930 0.53930 0.77455
128 1 -1 -1 -1 -1 -1 3.81767 2.94625 0.82115 0.53290 0.53290 0.82115
128 2 -1 -1 -1 -1 -1 2.82828 1.05849 0.74680 0.48780 0.48780 0.74680
128 3 -1 -1 -1 -1 -1 4.69043 0.77803 0.77455 0.53930 0.53930 0.77455
129 1 -1 -1 -1 -1 -1 3.64313 2.98544 0.82115 0.53290 0.53290 0.82115
129 2 -1 -1 -1 -1 -1 2.99518 0.88772 0.74680 0.48780 0.48780 0.74680
129 3 -1 -1 -1 -1 -1 4.96647 0.86304 0.77455 0.53930 0.53930 0.77455
130 1 -1 -1 -1 -1 -1 3.53202 2.94365 0.82115 0.53290 0.53290 0.82115
130 2 -1 -1 -1 -1 -1 3.05939 0.80346 0.74680 0.48780 0.48780 0.74680
130 3 -1 -1 -1 -1 -1 5.12092 0.98925 0.77455 0.53930 0.53930 0.77455
131 1 -1 -1 -1 -1 -1 3.26858 2.82844 0.82115 0.53290 0.53290 0.82115
131 2 -1 -1 -1 -1 -1 3.21110 0.64275 0.74680 0.48780 0.48780 0.74680
131 3 -1 -1 -1 -1 -1 5.09533 1.12863 0.77455 0.53930 0.53930 0.77455
132 1 -1 -1 -1 -1 -1 3.17592 2.75003 0.82115 0.53290 0.53290 0.82115
132 2 -1 -1 -1 -1 -1 3.37901 0.53437 0.74680 0.48780 0.48780 0.74680
132 3 -1 -1 -1 -1 -1 5.28002 1.36717 0.77455 0.53930 0.53930 0.77455
133 1 -1 -1 -1 -1 -1 2.99416 2.62715 0.82115 0.53290 0.53290 0.82115
133 2 -1 -1 -1 -1 -1 3.46375 0.51918 0.74680 0.48780 0.48780 0.74680
133 3 -1 -1 -1 -1 -1 5.28762 1.48988 0.77455 0.53930 0.53930 0.77455
134 1 -1 -1 -1 -1 -1 2.77973 2.50494 0.82115 0.53290 0.53290 0.82115
134 2 -1 -1 -1 -1 -1 3.70023 0.45727 0.74680 0.48780 0.48780 0.74680
134 3 -1 -1 -1 -1 -1 5.24256 1.59746 0.77455 0.53930 0.53930 0.77455
135 1 -1 -1 -1 -1 -1 2.71340 2.35796 0.82115 0.53290 0.53290 0.82115
135 2 -1 -1 -1 -1 -1 3.90086 0.50780 0.74680 0.48780 0.48780 0.74680
135 3 -1 -1 -1 -1 -1 5.28255 1.79485 0.77455 0.53930 0.53930 0.77455
136 1 -1 -1 -1 -1 -1 2.64305 2.10738 0.82115 0.53290 0.53290 0.82115
136 2 -1 -1 -1 -1 -1 4.09626 0.49814 0.74680 0.48780 0.48780 0.74680
136 3 -1 -1 -1 -1 -1 5.23327 1.96893 0.77455 0.53930 0.53930 0.77455
137 1 -1 -1 -1 -1 -1 2.52024 1.86931 0.82115 0.53290 0.53290 0.82115
137 2 -1 -1 -1 -1 -1 4.37420 0.51653 0.74680 0.48780 0.48780 0.74680
137 3 -1 -1 -1 -1 -1 5.18191 2.12531 0.77455 0.53930 0.53930 0.77455
138 1 -1 -1 -1 -1 -1 2.50823 1.72795 0.82115 0.53290 0.53290 0.82115
138 2 -1 -1 -1 -1 -1 4.40996 0.57909 0.74680 0.48780 0.48780 0.74680
138 3 -1 -1 -1 -1 -1 5.05275 2.28567 0.77455 0.53930 0.53930 0.77455
139 1 -1 -1 -1 -1 -1 2.45991 1.46641 0.82115 0.53290 0.53290 0.82115
139 2 -1 -1 -1 -1 -1 4.57721 0.60122 0.74680 0.48780 0.48780 0.74680
139 3 -1 -1 -1 -1 -1 5.02414 2.46462 0.77455 0.53930 0.53930 0.77455
140 1 -1 -1 -1 -1 -1 2.43070 1.27657 0.82115 0.53290 0.53290 0.82115
140 2 -1 -1 -1 -1 -1 4.91893 0.72029 0.74680 0.48780 0.48780 0.74680
140 3 -1 -1 -1 -1 -1 4.95022 2.63755 0.77455 0.53930 0.53930 0.77455
141 1 -1 -1 -1 -1 -1 2.50289 1.06025 0.82115 0.53290 0.53290 0.82115
141 2 -1 -1 -1 -1 -1 4.91572 0.80771 0.74680 0.48780 0.48780 0.74680
141 3 -1 -1 -1 -1 -1 4.79630 2.70820 0.77455 0.53930 0.53930 0.77455
142 1 -1 -1 -1 -1 -1 2.58620 0.95097 0.82115 0.53290 0.53290 0.82115
142 2 -1 -1 -1 -1 -1 5.07433 0.85387 0.74680 0.48780 0.48780 0.74680
142 3 -1 -1 -1 -1 -1 4.72330 2.81603 0.77455 0.53930 0.53930 0.77455
143 1 -1 -1 -1 -1 -1 2.68284 0.77628 0.82115 0.53290 0.53290 0.82115
143 2 -1 -1 -1 -1 -1 5.20049 1.01666 0.74680 0.48780 0.48780 0.74680
143 3 -1 -1 -1 -1 -1 4.52104 2.85093 0.77455 0.53930 0.53930 0.77455
144 1 -1 -1 -1 -1 -1 2.86417 0.60966 0.82115 0.53290 0.53290 0.82115
144 2 -1 -1 -1 -1 -1 5.11600 1.16604 0.74680 0.48780 0.48780 0.74680
144 3 -1 -1 -1 -1 -1 4.36056 2.90530 0.77455 0.53930 0.53930 0.77455
145 1 -1 -1 -1 -1 -1 2.93887 0.56651 0.82115 0.53290 0.53290 0.82115
145 2 -1 -1 -1 -1 -1 5.14249 1.28052 0.74680 0.48780 0.48780 0.74680
145 3 -1 -1 -1 -1 -1 4.18116 2.93881 0.77455 0.53930 0.53930 0.77455
146 1 -1 -1 -1 -1 -1 3.07070 0.45655 0.82115 0.53290 0.53290 0.82115
146 2 -1 -1 -1 -1 -1 5.23072 1.45687 0.74680 0.48780 0.48780 0.74680
146 3 -1 -1 -1 -1 -1 4.04215 3.00367 0.77455 0.53930 0.53930 0.77455
147 1 -1 -1 -1 -1 -1 3.33438 0.36263 0.82115 0.53290 0.53290 0.82115
147 2 -1 -1 -1 -1 -1 5.19375 1.58100 0.74680 0.48780 0.48780 0.74680
147 3 -1 -1 -1 -1 -1 3.79456 2.94243 0.77455 0.53930 0.53930 0.77455
148 1 -1 -1 -1 -1 -1 3.48458 0.37367 0.82115 0.53290 0.53290 0.82115
148 2 -1 -1 -1 -1 -1 5.32051 1.71569 0.74680 0.48780 0.48780 0.74680
148 3 -1 -1 -1 -1 -1 3.53997 2.93190 0.77455 0.53930 0.53930 0.77455
149 1 -1 -1 -1 -1 -1 3.64628 0.32158 0.82115 0.53290 0.53290 0.82115
149 2 -1 -1 -1 -1 -1 5.24900 1.84896 0.74680 0.48780 0.48780 0.74680
149 3 -1 -1 -1 -1 -1 3.39567 2.92452 0.77455 0.53930 0.53930 0.77455
150 1 -1 -1 -1 -1 -1 3.95861 0.33099 0.82115 0.53290 0.53290 0.82115
150 2 -1 -1 -1 -1 -1 5.15581 2.00801 0.74680 0.48780 0.48780 0.74680
150 3 -1 -1 -1 -1 -1 3.22478 2.91214 0.77455 0.53930 0.53930 0.77455
151 1 -1 -1 -1 -1 -1 4.12035 0.28861 0.82115 0.53290 0.53290 0.82115
151 2 -1 -1 -1 -1 -1 5.07092 2.19558 0.74680 0.48780 0.48780 0.74680
151 3 -1 -1 -1 -1 -1 3.10786 2.88906 0.77455 0.53930 0.53930 0.77455
152 1 -1 -1 -1 -1 -1 4.30939 0.32356 0.82115 0.53290 0.53290 0.82115
152 2 -1 -1 -1 -1 -1 5.04530 2.32811 0.74680 0.48780 0.48780 0.74680
152 3 -1 -1 -1 -1 -1 2.99134 2.79370 0.77455 0.53930 0.53930 0.77455
153 1 -1 -1 -1 -1 -1 4.53191 0.32768 0.82115 0.53290 0.53290 0.82115
153 2 -1 -1 -1 -1 -1 4.93141 2.45428 0.74680 0.48780 0.48780 0.74680
153 3 -1 -1 -1 -1 -1 2.90559 2.71426 0.77455 0.53930 0.53930 0.77455
154 1 -1 -1 -1 -1 -1 4.56668 0.38057 0.82115 0.53290 0.53290 0.82115
154 2 -1 -1 -1 -1 -1 4.68830 2.60855 0.74680 0.48780 0.48780 0.74680
154 3 -1 -1 -1 -1 -1 2.76812 2.61825 0.77455 0.53930 0.53930 0.77455
155 1 -1 -1 -1 -1 -1 4.86528 0.38128 0.82115 0.53290 0.53290 0.82115
155 2 -1 -1 -1 -1 -1 4.57891 2.68794 0.74680 0.48780 0.48780 0.74680
155 3 -1 -1 -1 -1 -1 2.61480 2.49929 0.77455 0.53930 0.53930 0.77455
156 1 -1 -1 -1 -1 -1 5.06935 0.62086 0.82115 0.53290 0.53290 0.82115
156 2 -1 -1 -1 -1 -1 4.37511 2.75046 0.74680 0.48780 0.48780 0.74680
156 3 -1 -1 -1 -1 -1 2.51836 2.31802 0.77455 0.53930 0.53930 0.77455
157 1 -1 -1 -1 -1 -1 5.11666 0.77008 0.82115 0.53290 0.53290 0.82115
157 2 -1 -1 -1 -1 -1 4.31956 2.84645 0.74680 0.48780 0.48780 0.74680
157 3 -1 -1 -1 -1 -1 2.48795 2.19190 0.77455 0.53930 0.53930 0.77455
158 1 -1 -1 -1 -1 -1 5.31789 0.92443 0.82115 0.53290 0.53290 0.82115
158 2 -1 -1 -1 -1 -1 4.08840 2.84875 0.74680 0.48780 0.48780 0.74680
158 3 -1 -1 -1 -1 -1 2.48273 2.02450 0.77455 0.53930 0.53930 0.77455
159 1 -1 -1 -1 -1 -1 5.39689 1.12844 0.82115 0.53290 0.53290 0.82115
159 2 -1 -1 -1 -1 -1 3.87834 2.94772 0.74680 0.48780 0.48780 0.74680
159 3 -1 -1 -1 -1 -1 2.53653 1.80966 0.77455 0.53930 0.53930 0.77455
160 1 -1 -1 -1 -1 -1 5.46044 1.35418 0.82115 0.53290 0.53290 0.82115
160 2 -1 -1 -1 -1 -1 3.75699 2.95809 0.74680 0.48780 0.48780 0.74680
160 3 -1 -1 -1 -1 -1 2.50871 1.62668 0.77455 0.53930 0.53930 0.77455
161 1 -1 -1 -1 -1 -1 5.46510 1.48773 0.82115 0.53290 0.53290 0.82115
161 2 -1 -1 -1 -1 -1 3.59140 2.91656 0.74680 0.48780 0.48780 0.74680
161 3 -1 -1 -1 -1 -1 2.61429 1.39738 0.77455 0.53930 0.53930 0.77455
162 1 -1 -1 -1 -1 -1 5.47835 1.73710 0.82115 0.53290 0.53290 0.82115
162 2 -1 -1 -1 -1 -1 3.28966 2.88218 0.74680 0.48780 0.48780 0.74680
162 3 -1 -1 -1 -1 -1 2.59621 1.24602 0.77455 0.53930 0.53930 0.77455
163 1 -1 -1 -1 -1 -1 5.44541 1.91246 0.82115 0.53290 0.53290 0.82115
163 2 -1 -1 -1 -1 -1 3.16413 2.81611 0.74680 0.48780 0.48780 0.74680
163 3 -1 -1 -1 -1 -1 2.69338 1.04312 0.77455 0.53930 0.53930 0.77455
164 1 -1 -1 -1 -1 -1 5.43033 2.09486 0.82115 0.53290 0.53290 0.82115
164 2 -1 -1 -1 -1 -1 3.01081 2.65218 0.74680 0.48780 0.48780 0.74680
164 3 -1 -1 -1 -1 -1 2.70453 0.94264 0.77455 0.53930 0.53930 0.77455
165 1 -1 -1 -1 -1 -1 5.27024 2.30800 0.82115 0.53290 0.53290 0.82115
165 2 -1 -1 -1 -1 -1 2.75846 2.57459 0.74680 0.48780 0.48780 0.74680
165 3 -1 -1 -1 -1 -1 2.85143 0.86115 0.77455 0.53930 0.53930 0.77455
166 1 -1 -1 -1 -1 -1 5.19408 2.41132 0.82115 0.53290 0.53290 0.82115
166 2 -1 -1 -1 -1 -1 2.71958 2.43909 0.74680 0.48780 0.48780 0.74680
166 3 -1 -1 -1 -1 -1 3.02965 0.74971 0.77455 0.53930 0.53930 0.77455
167 1 -1 -1 -1 -1 -1 5.00158 2.64252 0.82115 0.53290 0.53290 0.82115
167 2 -1 -1 -1 -1 -1 2.70434 2.26790 0.74680 0.48780 0.48780 0.74680
167 3 -1 -1 -1 -1 -1 3.14115 0.65761 0.77455 0.53930 0.53930 0.77455
168 1 -1 -1 -1 -1 -1 4.98536 2.76726 0.82115 0.53290 0.53290 0.82115
168 2 -1 -1 -1 -1 -1 2.62024 2.12281 0.74680 0.48780 0.48780 0.74680
168 3 -1 -1 -1 -1 -1 3.33846 0.63382 0.77455 0.53930 0.53930 0.77455
169 1 -1 -1 -1 -1 -1 4.63861 2.80816 0.82115 0.53290 0.53290 0.82115
169 2 -1 -1 -1 -1 -1 2.68407 1.97145 0.74680 0.48780 0.48780 0.74680
169 3 -1 -1 -1 -1 -1 3.42523 0.57913 0.77455 0.53930 0.53930 0.77455
170 1 -1 -1 -1 -1 -1 4.52181 2.91023 0.82115 0.53290 0.53290 0.82115
170 2 -1 -1 -1 -1 -1 2.70739 1.84763 0.74680 0.48780 0.48780 0.74680
170 3 -1 -1 -1 -1 -1 3.50179 0.52672 0.77455 0.53930 0.53930 0.77455
171 1 -1 -1 -1 -1 -1 4.32768 2.95841 0.82115 0.53290 0.53290 0.82115
171 2 -1 -1 -1 -1 -1 2.65468 1.70055 0.74680 0.48780 0.48780 0.74680
171 3 -1 -1 -1 -1 -1 3.76179 0.55006 0.77455 0.53930 0.53930 0.77455
172 1 -1 -1 -1 -1 -1 4.06113 2.97363 0.82115 0.53290 0.53290 0.82115
172 2 -1 -1 -1 -1 -1 2.69461 1.49716 0.74680 0.48780 0.48780 0.74680
172 3 -1 -1 -1 -1 -1 3.90290 0.54754 0.77455 0.53930 0.53930 0.77455
173 1 -1 -1 -1 -1 -1 3.90900 2.98270 0.82115 0.53290 0.53290 0.82115
173 2 -1 -1 -1 -1 -1 2.63853 1.31420 0.74680 0.48780 0.48780 0.74680
173 3 -1 -1 -1 -1 -1 4.30086 0.54528 0.77455 0.53930 0.53930 0.77455
174 1 -1 -1 -1 -1 -1 3.67408 2.95537 0.82115 0.53290 0.53290 0.82115
174 2 -1 -1 -1 -1 -1 2.75025 1.13995 0.74680 0.48780 0.48780 0.74680
174 3 -1 -1 -1 -1 -1 4.49555 0.57191 0.77455 0.53930 0.53930 0.77455
175 1 -1 -1 -1 -1 -1 3.33663 2.93138 0.82115 0.53290 0.53290 0.82115
175 2 -1 -1 -1 -1 -1 2.77984 1.03576 0.74680 0.48780 0.48780 0.74680
175 3 -1 -1 -1 -1 -1 4.81437 0.62053 0.77455 0.53930 0.53930 0.77455
176 1 -1 -1 -1 -1 -1 3.18948 2.90652 0.82115 0.53290 0.53290 0.82115
176 2 -1 -1 -1 -1 -1 2.89990 0.78827 0.74680 0.48780 0.48780 0.74680
176 3 -1 -1 -1 -1 -1 4.98984 0.76001 0.77455 0.53930 0.53930 0.77455
177 1 -1 -1 -1 -1 -1 3.06774 2.79242 0.82115 0.53290 0.53290 0.82115
177 2 -1 -1 -1 -1 -1 3.09331 0.69375 0.74680 0.48780 0.48780 0.74680
177 3 -1 -1 -1 -1 -1 5.10098 0.83350 0.77455 0.53930 0.53930 0.77455
178 1 -1 -1 -1 -1 -1 2.81696 2.66240 0.82115 0.53290 0.53290 0.82115
178 2 -1 -1 -1 -1 -1 3.16093 0.64942 0.74680 0.48780 0.48780 0.74680
178 3 -1 -1 -1 -1 -1 5.15657 1.00946 0.77455 0.53930 0.53930 0.77455
179 1 -1 -1 -1 -1 -1 2.70017 2.49686 0.82115 0.53290 0.53290 0.82115
179 2 -1 -1 -1 -1 -1 3.47753 0.49009 0.74680 0.48780 0.48780 0.74680
179 3 -1 -1 -1 -1 -1 5.24318 1.10896 0.77455 0.53930 0.53930 0.77455
180 1 -1 -1 -1 -1 -1 2.67685 2.28623 0.82115 0.53290 0.53290 0.82115
180 2 -1 -1 -1 -1 -1 3.60784 0.46076 0.74680 0.48780 0.48780 0.74680
180 3 -1 -1 -1 -1 -1 5.29192 1.28326 0.77455 0.53930 0.53930 0.77455
181 1 -1 -1 -1 -1 -1 2.51428 2.10228 0.82115 0.53290 0.53290 0.82115
181 2 -1 -1 -1 -1 -1 3.71019 0.41690 0.74680 0.48780 0.48780 0.74680
181 3 -1 -1 -1 -1 -1 5.28400 1.47174 0.77455 0.53930 0.53930 0.77455
182 1 -1 -1 -1 -1 -1 2.56005 1.88854 0.82115 0.53290 0.53290 0.82115
182 2 -1 -1 -1 -1 -1 4.01334 0.39213 0.74680 0.48780 0.48780 0.74680
182 3 -1 -1 -1 -1 -1 5.31828 1.68148 0.77455 0.53930 0.53930 0.77455
183 1 -1 -1 -1 -1 -1 2.57205 1.65681 0.82115 0.53290 0.53290 0.82115
183 2 -1 -1 -1 -1 -1 4.21600 0.43151 0.74680 0.48780 0.48780 0.74680
183 3 -1 -1 -1 -1 -1 5.33173 1.93265 0.77455 0.53930 0.53930 0.77455
184 1 -1 -1 -1 -1 -1 2.56058 1.42179 0.82115 0.53290 0.53290 0.82115
184 2 -1 -1 -1 -1 -1 4.28055 0.42911 0.74680 0.48780 0.48780 0.74680
184 3 -1 -1 -1 -1 -1 5.26741 2.12886 0.77455 0.53930 0.53930 0.77455
185 1 -1 -1 -1 -1 -1 2.58755 1.22920 0.82115 0.53290 0.53290 0.82115
185 2 -1 -1 -1 -1 -1 4.61520 0.57401 0.74680 0.48780 0.48780 0.74680
185 3 -1 -1 -1 -1 -1 5.24940 2.29225 0.77455 0.53930 0.53930 0.77455
186 1 -1 -1 -1 -1 -1 2.63602 1.01853 0.82115 0.53290 0.53290 0.82115
186 2 -1 -1 -1 -1 -1 4.71942 0.63383 0.74680 0.48780 0.48780 0.74680
186 3 -1 -1 -1 -1 -1 5.13842 2.43400 0.77455 0.53930 0.53930 0.77455
187 1 -1 -1 -1 -1 -1 2.83823 0.79809 0.82115 0.53290 0.53290 0.82115
187 2 -1 -1 -1 -1 -1 5.01290 0.69050 0.74680 0.48780 0.48780 0.74680
187 3 -1 -1 -1 -1 -1 4.93478 2.61525 0.77455 0.53930 0.53930 0.77455
188 1 -1 -1 -1 -1 -1 3.00697 0.69587 0.82115 0.53290 0.53290 0.82115
188 2 -1 -1 -1 -1 -1 5.15400 0.90242 0.74680 0.48780 0.48780 0.74680
188 3 -1 -1 -1 -1 -1 4.70965 2.70536 0.77455 0.53930 0.53930 0.77455
189 1 -1 -1 -1 -1 -1 3.17397 0.64511 0.82115 0.53290 0.53290 0.82115
189 2 -1 -1 -1 -1 -1 5.25416 0.94883 0.74680 0.48780 0.48780 0.74680
189 3 -1 -1 -1 -1 -1 4.62100 2.84958 0.77455 0.53930 0.53930 0.77455
190 1 -1 -1 -1 -1 -1 3.33391 0.50089 0.82115 0.53290 0.53290 0.82115
190 2 -1 -1 -1 -1 -1 5.35239 1.16120 0.74680 0.48780 0.48780 0.74680
190 3 -1 -1 -1 -1 -1 4.48879 2.87192 0.77455 0.53930 0.53930 0.77455
191 1 -1 -1 -1 -1 -1 3.58181 0.41171 0.82115 0.53290 0.53290 0.82115
191 2 -1 -1 -1 -1 -1 5.42856 1.39587 0.74680 0.48780 0.48780 0.74680
191 3 -1 -1 -1 -1 -1 4.07141 2.87672 0.77455 0.53930 0.53930 0.77455
192 1 -1 -1 -1 -1 -1 3.77315 0.37476 0.82115 0.53290 0.53290 0.82115
192 2 -1 -1 -1 -1 -1 5.39997 1.54654 0.74680 0.48780 0.48780 0.74680
192 3 -1 -1 -1 -1 -1 4.00266 2.89844 0.77455 0.53930 0.53930 0.77455
193 1 -1 -1 -1 -1 -1 4.04464 0.29536 0.82115 0.53290 0.53290 0.82115
193 2 -1 -1 -1 -1 -1 5.45172 1.69668 0.74680 0.48780 0.48780 0.74680
193 3 -1 -1 -1 -1 -1 3.79173 2.83592 0.77455 0.53930 0.53930 0.77455
194 1 -1 -1 -1 -1 -1 4.21016 0.37824 0.82115 0.53290 0.53290 0.82115
194 2 -1 -1 -1 -1 -1 5.40622 1.88568 0.74680 0.48780 0.48780 0.74680
194 3 -1 -1 -1 -1 -1 3.48061 2.89615 0.77455 0.53930 0.53930 0.77455
195 1 -1 -1 -1 -1 -1 4.33492 0.40210 0.82115 0.53290 0.53290 0.82115
195 2 -1 -1 -1 -1 -1 5.34402 2.01939 0.74680 0.48780 0.48780 0.74680
195 3 -1 -1 -1 -1 -1 3.46100 2.87035 0.77455 0.53930 0.53930 0.77455
196 1 -1 -1 -1 -1 -1 4.66971 0.41163 0.82115 0.53290 0.53290 0.82115
196 2 -1 -1 -1 -1 -1 5.26070 2.28458 0.74680 0.48780 0.48780 0.74680
196 3 -1 -1 -1 -1 -1 3.18506 2.77092 0.77455 0.53930 0.53930 0.77455
197 1 -1 -1 -1 -1 -1 4.83253 0.49461 0.82115 0.53290 0.53290 0.82115
197 2 -1 -1 -1 -1 -1 5.15480 2.41927 0.74680 0.48780 0.48780 0.74680
197 3 -1 -1 -1 -1 -1 3.10283 2.68461 0.77455 0.53930 0.53930 0.77455
198 1 -1 -1 -1 -1 -1 4.95180 0.54864 0.82115 0.53290 0.53290 0.82115
198 2 -1 -1 -1 -1 -1 4.92429 2.56391 0.74680 0.48780 0.48780 0.74680
198 3 -1 -1 -1 -1 -1 2.90452 2.60258 0.77455 0.53930 0.53930 0.77455
199 1 -1 -1 -1 -1 -1 5.22925 0.69891 0.82115 0.53290 0.53290 0.82115
199 2 -1 -1 -1 -1 -1 4.81837 2.71122 0.74680 0.48780 0.48780 0.74680
199 3 -1 -1 -1 -1 -1 2.67782 2.46220 0.77455 0.53930 0.53930 0.77455
200 1 -1 -1 -1 -1 -1 5.29463 0.90672 0.82115 0.53290 0.53290 0.82115
200 2 -1 -1 -1 -1 -1 4.67467 2.78421 0.74680 0.48780 0.48780 0.74680
200 3 -1 -1 -1 -1 -1 2.67286 2.26170 0.77455 0.53930 0.53930 0.77455
201 1 -1 -1 -1 -1 -1 5.37292 0.99539 0.82115 0.53290 0.53290 0.82115
201 2 -1 -1 -1 -1 -1 4.60987 2.85476 0.74680 0.48780 0.48780 0.74680
201 3 -1 -1 -1 -1 -1 2.62582 2.14776 0.77455 0.53930 0.53930 0.77455
202 1 -1 -1 -1 -1 -1 5.52410 1.18452 0.82115 0.53290 0.53290 0.82115
202 2 -1 -1 -1 -1 -1 4.32451 2.85576 0.74680 0.48780 0.48780 0.74680
202 3 -1 -1 -1 -1 -1 2.56872 1.92113 0.77455 0.53930 0.53930 0.77455
203 1 -1 -1 -1 -1 -1 5.50995 1.39029 0.82115 0.53290 0.53290 0.82115
203 2 -1 -1 -1 -1 -1 4.12950 2.94412 0.74680 0.48780 0.48780 0.74680
203 3 -1 -1 -1 -1 -1 2.59947 1.62999 0.77455 0.53930 0.53930 0.77455
204 1 -1 -1 -1 -1 -1 5.55736 1.46717 0.82115 0.53290 0.53290 0.82115
204 2 -1 -1 -1 -1 -1 3.97572 2.93510 0.74680 0.48780 0.48780 0.74680
204 3 -1 -1 -1 -1 -1 2.58500 1.42027 0.77455 0.53930 0.53930 0.77455
205 1 -1 -1 -1 -1 -1 5.50850 1.62912 0.82115 0.53290 0.53290 0.82115
205 2 -1 -1 -1 -1 -1 3.76466 2.90573 0.74680 0.48780 0.48780 0.74680
205 3 -1 -1 -1 -1 -1 2.62401 1.24945 0.77455 0.53930 0.53930 0.77455
206 1 -1 -1 -1 -1 -1 5.55870 1.79028 0.82115 0.53290 0.53290 0.82115
206 2 -1 -1 -1 -1 -1 3.54829 2.97165 0.74680 0.48780 0.48780 0.74680
206 3 -1 -1 -1 -1 -1 2.66713 1.11162 0.77455 0.53930 0.53930 0.77455
207 1 -1 -1 -1 -1 -1 5.56835 1.89889 0.82115 0.53290 0.53290 0.82115
207 2 -1 -1 -1 -1 -1 3.38890 2.85286 0.74680 0.48780 0.48780 0.74680
207 3 -1 -1 -1 -1 -1 2.80731 0.89414 0.77455 0.53930 0.53930 0.77455
208 1 -1 -1 -1 -1 -1 5.58197 2.15736 0.82115 0.53290 0.53290 0.82115
208 2 -1 -1 -1 -1 -1 3.13186 2.80253 0.74680 0.48780 0.48780 0.74680
208 3 -1 -1 -1 -1 -1 2.93051 0.73919 0.77455 0.53930 0.53930 0.77455
209 1 -1 -1 -1 -1 -1 5.42801 2.28604 0.82115 0.53290 0.53290 0.82115
209 2 -1 -1 -1 -1 -1 3.07751 2.71842 0.74680 0.48780 0.48780 0.74680
209 3 -1 -1 -1 -1 -1 3.02263 0.58775 0.77455 0.53930 0.53930 0.77455
210 1 -1 -1 -1 -1 -1 5.38971 2.39386 0.82115 0.53290 0.53290 0.82115
210 2 -1 -1 -1 -1 -1 2.97798 2.58759 0.74680 0.48780 0.48780 0.74680
210 3 -1 -1 -1 -1 -1 3.25546 0.53905 0.77455 0.53930 0.53930 0.77455
211 1 -1 -1 -1 -1 -1 5.31492 2.54858 0.82115 0.53290 0.53290 0.82115
211 2 -1 -1 -1 -1 -1 2.82505 2.43009 0.74680 0.48780 0.48780 0.74680
211 3 -1 -1 -1 -1 -1 3.42928 0.54758 0.77455 0.53930 0.53930 0.77455
212 1 -1 -1 -1 -1 -1 5.17140 2.68407 0.82115 0.53290 0.53290 0.82115
212 2 -1 -1 -1 -1 -1 2.67470 2.21384 0.74680 0.48780 0.48780 0.74680
212 3 -1 -1 -1 -1 -1 3.56810 0.51575 0.77455 0.53930 0.53930 0.77455
213 1 -1 -1 -1 -1 -1 5.07985 2.79489 0.82115 0.53290 0.53290 0.82115
213 2 -1 -1 -1 -1 -1 2.57988 2.06591 0.74680 0.48780 0.48780 0.74680
213 3 -1 -1 -1 -1 -1 3.81032 0.52822 0.77455 0.53930 0.53930 0.77455
214 1 -1 -1 -1 -1 -1 4.98329 2.86458 0.82115 0.53290 0.53290 0.82115
214 2 -1 -1 -1 -1 -1 2.59331 1.89510 0.74680 0.48780 0.48780 0.74680
214 3 -1 -1 -1 -1 -1 3.95630 0.56540 0.77455 0.53930 0.53930 0.77455
215 1 -1 -1 -1 -1 -1 4.65673 2.89833 0.82115 0.53290 0.53290 0.82115
215 2 -1 -1 -1 -1 -1 2.63341 1.66287 0.74680 0.48780 0.48780 0.74680
215 3 -1 -1 -1 -1 -1 4.14736 0.57337 0.77455 0.53930 0.53930 0.77455
216 1 -1 -1 -1 -1 -1 4.50232 2.91977 0.82115 0.53290 0.53290 0.82115
216 2 -1 -1 -1 -1 -1 2.59846 1.49003 0.74680 0.48780 0.48780 0.74680
216 3 -1 -1 -1 -1 -1 4.47626 0.67613 0.77455 0.53930 0.53930 0.77455
217 1 -1 -1 -1 -1 -1 4.32707 2.95253 0.82115 0.53290 0.53290 0.82115
217 2 -1 -1 -1 -1 -1 2.59664 1.31102 0.74680 0.48780 0.48780 0.74680
217 3 -1 -1 -1 -1 -1 4.54732 0.81190 0.77455 0.53930 0.53930 0.77455
218 1 -1 -1 -1 -1 -1 4.18119 3.00090 0.82115 0.53290 0.53290 0.82115
218 2 -1 -1 -1 -1 -1 2.74097 1.10741 0.74680 0.48780 0.48780 0.74680
218 3 -1 -1 -1 -1 -1 4.71999 0.89419 0.77455 0.53930 0.53930 0.77455
219 1 -1 -1 -1 -1 -1 4.08024 2.99678 0.82115 0.53290 0.53290 0.82115
219 2 -1 -1 -1 -1 -1 2.78604 0.93588 0.74680 0.48780 0.48780 0.74680
219 3 -1 -1 -1 -1 -1 4.90319 1.05688 0.77455 0.53930 0.53930 0.77455
220 1 -1 -1 -1 -1 -1 3.82259 2.91110 0.82115 0.53290 0.53290 0.82115
220 2 -1 -1 -1 -1 -1 2.95220 0.68357 0.74680 0.48780 0.48780 0.74680
220 3 -1 -1 -1 -1 -1 4.97681 1.20178 0.77455 0.53930 0.53930 0.77455
221 1 -1 -1 -1 -1 -1 3.66261 2.91228 0.82115 0.53290 0.53290 0.82115
221 2 -1 -1 -1 -1 -1 3.03391 0.63455 0.74680 0.48780 0.48780 0.74680
221 3 -1 -1 -1 -1 -1 5.15895 1.24288 0.77455 0.53930 0.53930 0.77455
222 1 -1 -1 -1 -1 -1 3.53218 2.81255 0.82115 0.53290 0.53290 0.82115
222 2 -1 -1 -1 -1 -1 3.14743 0.54064 0.74680 0.48780 0.48780 0.74680
222 3 -1 -1 -1 -1 -1 5.21992 1.41509 0.77455 0.53930 0.53930 0.77455
223 1 -1 -1 -1 -1 -1 3.49383 2.72041 0.82115 0.53290 0.53290 0.82115
223 2 -1 -1 -1 -1 -1 3.36547 0.43158 0.74680 0.48780 0.48780 0.74680
223 3 -1 -1 -1 -1 -1 5.27488 1.59222 0.77455 0.53930 0.53930 0.77455
224 1 -1 -1 -1 -1 -1 3.20274 2.60966 0.82115 0.53290 0.53290 0.82115
224 2 -1 -1 -1 -1 -1 3.49148 0.36465 0.74680 0.48780 0.48780 0.74680
224 3 -1 -1 -1 -1 -1 5.29449 1.77666 0.77455 0.53930 0.53930 0.77455
225 1 -1 -1 -1 -1 -1 3.19332 2.50462 0.82115 0.53290 0.53290 0.82115
225 2 -1 -1 -1 -1 -1 3.69098 0.32918 0.74680 0.48780 0.48780 0.74680
225 3 -1 -1 -1 -1 -1 5.23249 1.89908 0.77455 0.53930 0.53930 0.77455
226 1 -1 -1 -1 -1 -1 3.20357 2.38026 0.82115 0.53290 0.53290 0.82115
226 2 -1 -1 -1 -1 -1 3.85901 0.31961 0.74680 0.48780 0.48780 0.74680
226 3 -1 -1 -1 -1 -1 5.15382 2.06683 0.77455 0.53930 0.53930 0.77455
227 1 -1 -1 -1 -1 -1 3.07385 2.21403 0.82115 0.53290 0.53290 0.82115
227 2 -1 -1 -1 -1 -1 4.06843 0.35060 0.74680 0.48780 0.48780 0.74680
227 3 -1 -1 -1 -1 -1 5.12341 2.26129 0.77455 0.53930 0.53930 0.77455
228 1 -1 -1 -1 -1 -1 3.02673 2.06352 0.82115 0.53290 0.53290 0.82115
228 2 -1 -1 -1 -1 -1 4.35233 0.39626 0.74680 0.48780 0.48780 0.74680
228 3 -1 -1 -1 -1 -1 5.04410 2.42606 0.77455 0.53930 0.53930 0.77455
229 1 -1 -1 -1 -1 -1 3.04390 1.94101 0.82115 0.53290 0.53290 0.82115
229 2 -1 -1 -1 -1 -1 4.39371 0.48561 0.74680 0.48780 0.48780 0.74680
229 3 -1 -1 -1 -1 -1 4.99514 2.48999 0.77455 0.53930 0.53930 0.77455
230 1 -1 -1 -1 -1 -1 2.96614 1.76419 0.82115 0.53290 0.53290 0.82115
230 2 -1 -1 -1 -1 -1 4.58987 0.44899 0.74680 0.48780 0.48780 0.74680
230 3 -1 -1 -1 -1 -1 4.81579 2.55884 0.77455 0.53930 0.53930 0.77455
231 1 -1 -1 -1 -1 -1 2.89105 1.62150 0.82115 0.53290 0.53290 0.82115
231 2 -1 -1 -1 -1 -1 4.79229 0.67609 0.74680 0.48780 0.48780 0.74680
231 3 -1 -1 -1 -1 -1 4.70348 2.66130 0.77455 0.53930 0.53930 0.77455
232 1 -1 -1 -1 -1 -1 2.90828 1.42249 0.82115 0.53290 0.53290 0.82115
232 2 -1 -1 -1 -1 -1 4.90897 0.80921 0.74680 0.48780 0.48780 0.74680
232 3 -1 -1 -1 -1 -1 4.50397 2.73578 0.77455 0.53930 0.53930 0.77455
233 1 -1 -1 -1 -1 -1 2.95274 1.28120 0.82115 0.53290 0.53290 0.82115
233 2 -1 -1 -1 -1 -1 5.07320 1.00994 0.74680 0.48780 0.48780 0.74680
233 3 -1 -1 -1 -1 -1 4.36190 2.82937 0.77455 0.53930 0.53930 0.77455
234 1 -1 -1 -1 -1 -1 2.97153 1.11927 0.82115 0.53290 0.53290 0.82115
234 2 -1 -1 -1 -1 -1 5.06533 1.20125 0.74680 0.48780 0.48780 0.74680
234 3 -1 -1 -1 -1 -1 4.22147 2.89524 0.77455 0.53930 0.53930 0.77455
235 1 -1 -1 -1 -1 -1 2.92950 0.91009 0.82115 0.53290 0.53290 0.82115
235 2 -1 -1 -1 -1 -1 5.24227 1.36931 0.74680 0.48780 0.48780 0.74680
235 3 -1 -1 -1 -1 -1 3.98746 2.84442 0.77455 0.53930 0.53930 0.77455
236 1 -1 -1 -1 -1 -1 2.84462 0.87223 0.82115 0.53290 0.53290 0.82115
236 2 -1 -1 -1 -1 -1 5.20167 1.61792 0.74680 0.48780 0.48780 0.74680
236 3 -1 -1 -1 -1 -1 3.83584 2.86671 0.77455 0.53930 0.53930 0.77455
237 1 -1 -1 -1 -1 -1 2.77794 0.71972 0.82115 0.53290 0.53290 0.82115
237 2 -1 -1 -1 -1 -1 5.18763 1.76498 0.74680 0.48780 0.48780 0.74680
237 3 -1 -1 -1 -1 -1 3.72131 2.84784 0.77455 0.53930 0.53930 0.77455
238 1 -1 -1 -1 -1 -1 2.76609 0.64033 0.82115 0.53290 0.53290 0.82115
238 2 -1 -1 -1 -1 -1 5.13578 1.99904 0.74680 0.48780 0.48780 0.74680
238 3 -1 -1 -1 -1 -1 3.51197 2.85206 0.77455 0.53930 0.53930 0.77455
239 1 -1 -1 -1 -1 -1 2.55764 0.64946 0.82115 0.53290 0.53290 0.82115
239 2 -1 -1 -1 -1 -1 5.12723 2.09555 0.74680 0.48780 0.48780 0.74680
239 3 -1 -1 -1 -1 -1 3.35878 2.80431 0.77455 0.53930 0.53930 0.77455
240 1 -1 -1 -1 -1 -1 2.39903 0.59234 0.82115 0.53290 0.53290 0.82115
240 2 -1 -1 -1 -1 -1 4.99739 2.35071 0.74680 0.48780 0.48780 0.74680
240 3 -1 -1 -1 -1 -1 3.26031 2.66254 0.77455 0.53930 0.53930 0.77455
241 1 -1 -1 -1 -1 -1 2.29651 0.53493 0.82115 0.53290 0.53290 0.82115
241 2 -1 -1 -1 -1 -1 4.79904 2.51223 0.74680 0.48780 0.48780 0.74680
241 3 -1 -1 -1 -1 -1 3.12060 2.47587 0.77455 0.53930 0.53930 0.77455
242 1 -1 -1 -1 -1 -1 2.14599 0.57239 0.82115 0.53290 0.53290 0.82115
242 2 -1 -1 -1 -1 -1 4.69459 2.60839 0.74680 0.48780 0.48780 0.74680
242 3 -1 -1 -1 -1 -1 3.07072 2.35514 0.77455 0.53930 0.53930 0.77455
243 2 -1 -1 -1 -1 -1 4.54338 2.73212 0.74680 0.48780 0.48780 0.74680
243 3 -1 -1 -1 -1 -1 2.95363 2.13882 0.77455 0.53930 0.53930 0.77455
244 2 -1 -1 -1 -1 -1 4.19292 2.81405 0.74680 0.48780 0.48780 0.74680
244 3 -1 -1 -1 -1 -1 2.90879 1.80458 0.77455 0.53930 0.53930 0.77455
245 2 -1 -1 -1 -1 -1 4.06860 2.88994 0.74680 0.48780 0.48780 0.74680
245 3 -1 -1 -1 -1 -1 2.92326 1.57949 0.77455 0.53930 0.53930 0.77455
246 2 -1 -1 -1 -1 -1 3.80779 2.84175 0.74680 0.48780 0.48780 0.74680
246 3 -1 -1 -1 -1 -1 2.90866 1.35809 0.77455 0.53930 0.53930 0.77455
247 2 -1 -1 -1 -1 -1 3.59962 2.72943 0.74680 0.48780 0.48780 0.74680
247 3 -1 -1 -1 -1 -1 2.91900 1.18557 0.77455 0.53930 0.53930 0.77455
248 2 -1 -1 -1 -1 -1 3.52496 2.58203 0.74680 0.48780 0.48780 0.74680
248 3 -1 -1 -1 -1 -1 2.77473 0.91934 0.77455 0.53930 0.53930 0.77455
249 2 -1 -1 -1 -1 -1 3.43723 2.43623 0.74680 0.48780 0.48780 0.74680
249 3 -1 -1 -1 -1 -1 2.70142 0.78734 0.77455 0.53930 0.53930 0.77455
250 2 -1 -1 -1 -1 -1 3.29435 2.28060 0.74680 0.48780 0.48780 0.74680
250 3 -1 -1 -1 -1 -1 2.57670 0.76013 0.77455 0.53930 0.53930 0.77455
251 2 -1 -1 -1 -1 -1 3.44200 2.14976 0.74680 0.48780 0.48780 0.74680
251 3 -1 -1 -1 -1 -1 2.39414 0.68169 0.77455 0.53930 0.53930 0.77455
252 2 -1 -1 -1 -1 -1 3.35636 2.02834 0.74680 0.48780 0.48780 0.74680
252 3 -1 -1 -1 -1 -1 2.26176 0.60517 0.77455 0.53930 0.53930 0.77455
253 2 -1 -1 -1 -1 -1 3.27391 1.77345 0.74680 0.48780 0.48780 0.74680
253 3 -1 -1 -1 -1 -1 2.12200 0.70317 0.77455 0.53930 0.53930 0.77455
254 2 -1 -1 -1 -1 -1 3.19856 1.61341 0.74680 0.48780 0.48780 0.74680
255 2 -1 -1 -1 -1 -1 3.18212 1.45425 0.74680 0.48780 0.48780 0.74680
256 2 -1 -1 -1 -1 -1 3.06323 1.21998 0.74680 0.48780 0.48780 0.74680
257 2 -1 -1 -1 -1 -1 2.97140 1.05688 0.74680 0.48780 0.48780 0.74680
258 2 -1 -1 -1 -1 -1 2.63310 0.89929 0.74680 0.48780 0.48780 0.74680
259 2 -1 -1 -1 -1 -1 2.49578 0.80500 0.74680 0.48780 0.48780 0.74680
260 2 -1 -1 -1 -1 -1 2.33024 0.74914 0.74680 0.48780 0.48780 0.74680
261 2 -1 -1 -1 -1 -1 2.07214 0.69498 0.74680 0.48780 0.48780 0.74680
