1 -1 6.916002e+02 9.931070e+01 1.231001e+02 2.679754e+02 -1 -1 -1 -1
1 -1 8.727080e+02 1.592398e+02 1.142606e+02 2.210903e+02 -1 -1 -1 -1
1 -1 5.893897e+02 9.005148e+01 1.414350e+02 3.821134e+02 -1 -1 -1 -1
1 -1 5.418294e+02 1.122968e+02 1.159375e+02 3.320313e+02 -1 -1 -1 -1
2 -1 5.933849e+02 9.260995e+01 1.382647e+02 3.966575e+02 -1 -1 -1 -1
2 -1 6.918862e+02 1.012551e+02 1.230738e+02 2.647982e+02 -1 -1 -1 -1
2 -1 8.718420e+02 1.587491e+02 1.158122e+02 2.213603e+02 -1 -1 -1 -1
2 -1 5.430611e+02 1.143348e+02 1.159290e+02 3.527798e+02 -1 -1 -1 -1
3 -1 5.916530e+02 9.485664e+01 1.420184e+02 4.144203e+02 -1 -1 -1 -1
3 -1 6.887309e+02 9.963811e+01 1.245778e+02 2.642829e+02 -1 -1 -1 -1
3 -1 8.724755e+02 1.583562e+02 1.149508e+02 2.225254e+02 -1 -1 -1 -1
3 -1 5.436217e+02 1.175608e+02 1.319540e+02 3.835117e+02 -1 -1 -1 -1
4 -1 5.810783e+02 9.524889e+01 1.505427e+02 4.271838e+02 -1 -1 -1 -1
4 -1 6.800518e+02 1.018133e+02 1.361544e+02 2.637551e+02 -1 -1 -1 -1
4 -1 8.717384e+02 1.565533e+02 1.156691e+02 2.252155e+02 -1 -1 -1 -1
4 -1 5.435537e+02 1.146538e+02 8.813656e+01 3.642283e+02 -1 -1 -1 -1
4 -1 6.279483e+02 9.574535e+01 1.527740e+02 3.643965e+02 -1 -1 -1 -1
5 -1 5.576550e+02 9.261261e+01 1.686772e+02 4.417499e+02 -1 -1 -1 -1
5 -1 6.765677e+02 1.003189e+02 1.428130e+02 2.656888e+02 -1 -1 -1 -1
5 -1 8.718536e+02 1.566699e+02 1.173247e+02 2.234687e+02 -1 -1 -1 -1
5 -1 5.364748e+02 1.036865e+02 6.480137e+01 2.647949e+02 -1 -1 -1 -1
5 -1 5.387203e+02 9.982537e+01 5.765980e+01 1.057736e+02 -1 -1 -1 -1
6 -1 5.486718e+02 9.577092e+01 1.754989e+02 4.447946e+02 -1 -1 -1 -1
6 -1 8.692947e+02 1.566877e+02 1.185967e+02 2.234791e+02 -1 -1 -1 -1
6 -1 6.744062e+02 9.813509e+01 1.433809e+02 2.689277e+02 -1 -1 -1 -1
6 -1 5.371701e+02 9.861461e+01 5.710613e+01 1.054277e+02 -1 -1 -1 -1
7 -1 5.492775e+02 9.891439e+01 1.761158e+02 4.725483e+02 -1 -1 -1 -1
7 -1 8.701994e+02 1.568207e+02 1.171128e+02 2.235392e+02 -1 -1 -1 -1
7 -1 6.672093e+02 9.686111e+01 1.479077e+02 2.735385e+02 -1 -1 -1 -1
7 -1 5.386843e+02 9.990864e+01 5.713589e+01 1.050268e+02 -1 -1 -1 -1
8 -1 5.522797e+02 1.036263e+02 1.756920e+02 4.855871e+02 -1 -1 -1 -1
8 -1 8.700667e+02 1.560704e+02 1.179387e+02 2.243671e+02 -1 -1 -1 -1
8 -1 6.761963e+02 9.935143e+01 1.402842e+02 2.681213e+02 -1 -1 -1 -1
8 -1 5.423493e+02 1.004099e+02 5.925304e+01 1.013541e+02 -1 -1 -1 -1
8 -1 5.356379e+02 1.070718e+02 6.772900e+01 2.738040e+02 -1 -1 -1 -1
9 -1 5.592867e+02 1.072675e+02 1.797028e+02 4.826438e+02 -1 -1 -1 -1
9 -1 8.690953e+02 1.562376e+02 1.201694e+02 2.244719e+02 -1 -1 -1 -1
9 -1 6.777616e+02 1.038778e+02 1.348004e+02 2.597162e+02 -1 -1 -1 -1
9 -1 5.376000e+02 1.043422e+02 6.547920e+01 3.275192e+02 -1 -1 -1 -1
9 -1 5.419632e+02 1.013403e+02 5.917648e+01 1.122897e+02 -1 -1 -1 -1
9 -1 5.397894e+02 1.051771e+02 6.357445e+01 1.827940e+02 -1 -1 -1 -1
10 -1 5.582218e+02 1.079383e+02 1.804773e+02 5.252468e+02 -1 -1 -1 -1
10 -1 8.692786e+02 1.582610e+02 1.213272e+02 2.192888e+02 -1 -1 -1 -1
10 -1 6.744862e+02 1.006288e+02 1.305654e+02 2.656105e+02 -1 -1 -1 -1
10 -1 5.369385e+02 1.027316e+02 6.236217e+01 3.388908e+02 -1 -1 -1 -1
10 -1 5.397589e+02 1.032178e+02 6.051453e+01 1.808085e+02 -1 -1 -1 -1
10 -1 5.427263e+02 1.016122e+02 5.781361e+01 9.771986e+01 -1 -1 -1 -1
11 -1 5.416813e+02 1.098729e+02 1.916937e+02 5.492260e+02 -1 -1 -1 -1
11 -1 8.691476e+02 1.581478e+02 1.214085e+02 2.200567e+02 -1 -1 -1 -1
11 -1 6.720245e+02 9.859099e+01 1.355487e+02 2.695587e+02 -1 -1 -1 -1
11 -1 5.381171e+02 1.006888e+02 5.880478e+01 1.397909e+02 -1 -1 -1 -1
12 -1 5.284404e+02 1.179315e+02 2.028615e+02 5.467939e+02 -1 -1 -1 -1
12 -1 6.727506e+02 9.863560e+01 1.431443e+02 2.669451e+02 -1 -1 -1 -1
12 -1 8.702168e+02 1.586457e+02 1.213680e+02 2.195038e+02 -1 -1 -1 -1
12 -1 5.357453e+02 1.014706e+02 5.493828e+01 1.315018e+02 -1 -1 -1 -1
12 -1 6.217045e+02 8.922301e+01 7.642651e+01 1.417101e+02 -1 -1 -1 -1
13 -1 5.266632e+02 1.223208e+02 2.210131e+02 5.761457e+02 -1 -1 -1 -1
13 -1 6.690065e+02 9.888808e+01 1.445683e+02 2.657186e+02 -1 -1 -1 -1
13 -1 8.704830e+02 1.582549e+02 1.215403e+02 2.204247e+02 -1 -1 -1 -1
13 -1 5.361052e+02 9.689447e+01 5.799763e+01 1.315232e+02 -1 -1 -1 -1
14 -1 5.267746e+02 1.364105e+02 2.260786e+02 6.153094e+02 -1 -1 -1 -1
14 -1 8.706714e+02 1.583406e+02 1.192702e+02 2.238594e+02 -1 -1 -1 -1
14 -1 6.756748e+02 9.985780e+01 1.326449e+02 2.675712e+02 -1 -1 -1 -1
14 -1 5.431375e+02 1.016438e+02 5.573730e+01 1.524829e+02 -1 -1 -1 -1
14 -1 6.108794e+02 8.610536e+01 8.578308e+01 1.697232e+02 -1 -1 -1 -1
15 -1 5.374034e+02 1.370047e+02 2.374021e+02 6.403690e+02 -1 -1 -1 -1
15 -1 8.699729e+02 1.587164e+02 1.180535e+02 2.243658e+02 -1 -1 -1 -1
15 -1 6.903172e+02 9.795487e+01 1.161641e+02 2.665987e+02 -1 -1 -1 -1
15 -1 5.417587e+02 9.905211e+01 6.404629e+01 1.811545e+02 -1 -1 -1 -1
16 -1 5.490573e+02 1.513770e+02 2.545758e+02 7.152619e+02 -1 -1 -1 -1
16 -1 8.708601e+02 1.579490e+02 1.179873e+02 2.247507e+02 -1 -1 -1 -1
16 -1 5.395607e+02 9.524368e+01 6.379108e+01 2.101571e+02 -1 -1 -1 -1
16 -1 6.913879e+02 9.597171e+01 1.076849e+02 2.686192e+02 -1 -1 -1 -1
17 -1 5.621902e+02 1.610401e+02 2.625032e+02 7.350330e+02 -1 -1 -1 -1
17 -1 8.707764e+02 1.578011e+02 1.182082e+02 2.235612e+02 -1 -1 -1 -1
17 -1 5.398612e+02 9.882484e+01 8.189106e+01 2.336113e+02 -1 -1 -1 -1
17 -1 7.042320e+02 1.007991e+02 8.089691e+01 2.557356e+02 -1 -1 -1 -1
17 -1 6.395238e+02 8.855531e+01 9.239799e+01 1.715175e+02 -1 -1 -1 -1
18 -1 5.948962e+02 1.784237e+02 2.458323e+02 7.145042e+02 -1 -1 -1 -1
18 -1 8.724095e+02 1.567592e+02 1.189227e+02 2.255149e+02 -1 -1 -1 -1
18 -1 5.374988e+02 1.019964e+02 9.836632e+01 2.866456e+02 -1 -1 -1 -1
18 -1 6.375221e+02 8.810918e+01 8.410217e+01 1.909496e+02 -1 -1 -1 -1
19 -1 6.649360e+02 1.870052e+02 2.787934e+02 6.838940e+02 -1 -1 -1 -1
19 -1 8.758136e+02 1.569321e+02 1.156133e+02 2.252023e+02 -1 -1 -1 -1
19 -1 5.409013e+02 1.000014e+02 1.269138e+02 3.339554e+02 -1 -1 -1 -1
19 -1 6.418821e+02 9.637360e+01 8.758186e+01 2.798637e+02 -1 -1 -1 -1
19 -1 6.964865e+02 1.053928e+02 5.800117e+01 1.706275e+02 -1 -1 -1 -1
20 -1 7.233527e+02 1.885685e+02 3.190255e+02 7.017997e+02 -1 -1 -1 -1
20 -1 5.370759e+02 9.474433e+01 1.498065e+02 3.392783e+02 -1 -1 -1 -1
20 -1 6.402368e+02 9.259967e+01 1.027068e+02 3.113396e+02 -1 -1 -1 -1
20 -1 7.036830e+02 1.058652e+02 7.222973e+01 2.524418e+02 -1 -1 -1 -1
20 -1 6.779522e+02 1.000344e+02 8.933704e+01 2.887478e+02 -1 -1 -1 -1
20 -1 8.866230e+02 1.614104e+02 9.820518e+01 2.205951e+02 -1 -1 -1 -1
21 -1 7.618446e+02 2.023537e+02 2.971929e+02 6.771175e+02 -1 -1 -1 -1
21 -1 5.445252e+02 9.658694e+01 1.401794e+02 3.425885e+02 -1 -1 -1 -1
21 -1 6.438682e+02 9.692057e+01 1.013311e+02 3.078288e+02 -1 -1 -1 -1
21 -1 7.035483e+02 1.101515e+02 1.125006e+02 2.629057e+02 -1 -1 -1 -1
21 -1 6.974327e+02 1.065754e+02 8.157314e+01 2.530920e+02 -1 -1 -1 -1
22 -1 8.816331e+02 1.800072e+02 2.264410e+02 7.033070e+02 -1 -1 -1 -1
22 -1 5.429620e+02 9.391447e+01 1.363925e+02 3.423920e+02 -1 -1 -1 -1
22 -1 6.443722e+02 9.601893e+01 1.001620e+02 3.089503e+02 -1 -1 -1 -1
22 -1 7.026505e+02 1.088028e+02 1.146051e+02 2.677590e+02 -1 -1 -1 -1
22 -1 8.826888e+02 1.666476e+02 7.828669e+01 1.659917e+02 -1 -1 -1 -1
22 -1 8.827565e+02 1.649428e+02 7.409786e+01 9.390648e+01 -1 -1 -1 -1
22 -1 6.983581e+02 1.065031e+02 7.929382e+01 2.546191e+02 -1 -1 -1 -1
23 -1 9.550653e+02 2.042224e+02 3.020469e+02 6.778135e+02 -1 -1 -1 -1
23 -1 5.437775e+02 9.887347e+01 1.392321e+02 3.380087e+02 -1 -1 -1 -1
23 -1 6.440178e+02 9.672114e+01 1.030658e+02 3.086796e+02 -1 -1 -1 -1
23 -1 7.047983e+02 1.083927e+02 1.123012e+02 2.660196e+02 -1 -1 -1 -1
23 -1 8.681524e+02 1.598943e+02 1.403975e+02 2.222291e+02 -1 -1 -1 -1
23 -1 6.988949e+02 1.061800e+02 7.593796e+01 2.443525e+02 -1 -1 -1 -1
23 -1 8.791237e+02 1.659403e+02 9.510550e+01 1.785818e+02 -1 -1 -1 -1
24 -1 9.844540e+02 1.891375e+02 2.874248e+02 6.865425e+02 -1 -1 -1 -1
24 -1 5.386106e+02 9.745360e+01 1.450027e+02 3.371832e+02 -1 -1 -1 -1
24 -1 6.461342e+02 9.713596e+01 1.013614e+02 3.072289e+02 -1 -1 -1 -1
24 -1 7.073161e+02 1.094389e+02 1.075354e+02 2.635701e+02 -1 -1 -1 -1
24 -1 8.633711e+02 1.619736e+02 1.394875e+02 2.201038e+02 -1 -1 -1 -1
24 -1 7.023421e+02 1.064073e+02 7.683769e+01 2.475731e+02 -1 -1 -1 -1
25 -1 1.122289e+03 1.585273e+02 2.528584e+02 6.912134e+02 -1 -1 -1 -1
25 -1 5.397633e+02 9.983435e+01 1.435880e+02 3.347147e+02 -1 -1 -1 -1
25 -1 6.444525e+02 1.004642e+02 1.001368e+02 3.129191e+02 -1 -1 -1 -1
25 -1 8.631160e+02 1.610883e+02 1.312715e+02 2.185547e+02 -1 -1 -1 -1
25 -1 7.063226e+02 1.090616e+02 1.058437e+02 2.636732e+02 -1 -1 -1 -1
26 -1 1.162254e+03 1.608463e+02 2.680630e+02 6.865661e+02 -1 -1 -1 -1
26 -1 5.364028e+02 9.713852e+01 1.480100e+02 3.367984e+02 -1 -1 -1 -1
26 -1 8.643188e+02 1.561257e+02 1.336919e+02 2.246090e+02 -1 -1 -1 -1
26 -1 6.479945e+02 1.023564e+02 1.042072e+02 3.020247e+02 -1 -1 -1 -1
26 -1 6.974663e+02 1.026734e+02 1.110703e+02 2.706210e+02 -1 -1 -1 -1
26 -1 6.954901e+02 1.075622e+02 7.119175e+01 2.435701e+02 -1 -1 -1 -1
27 -1 1.222233e+03 1.505246e+02 2.557155e+02 6.690887e+02 -1 -1 -1 -1
27 -1 5.400704e+02 9.574230e+01 1.417197e+02 3.407406e+02 -1 -1 -1 -1
27 -1 6.401763e+02 9.862724e+01 1.114683e+02 3.173473e+02 -1 -1 -1 -1
27 -1 8.674047e+02 1.602471e+02 1.277649e+02 2.210221e+02 -1 -1 -1 -1
27 -1 6.978930e+02 1.033415e+02 1.077378e+02 2.630398e+02 -1 -1 -1 -1
28 -1 1.261983e+03 1.458761e+02 2.281435e+02 6.433620e+02 -1 -1 -1 -1
28 -1 5.396384e+02 9.613888e+01 1.402042e+02 3.368646e+02 -1 -1 -1 -1
28 -1 6.393241e+02 1.005545e+02 1.157878e+02 3.176849e+02 -1 -1 -1 -1
28 -1 8.689104e+02 1.575431e+02 1.330552e+02 2.232975e+02 -1 -1 -1 -1
28 -1 6.979108e+02 1.021818e+02 1.086766e+02 2.680571e+02 -1 -1 -1 -1
29 -1 1.285482e+03 1.348912e+02 2.254857e+02 6.335284e+02 -1 -1 -1 -1
29 -1 5.393211e+02 9.837415e+01 1.418293e+02 3.317213e+02 -1 -1 -1 -1
29 -1 8.733443e+02 1.578071e+02 1.218859e+02 2.258336e+02 -1 -1 -1 -1
29 -1 6.412004e+02 9.788519e+01 1.145225e+02 3.205098e+02 -1 -1 -1 -1
29 -1 7.011934e+02 1.026611e+02 1.149822e+02 2.719653e+02 -1 -1 -1 -1
30 -1 1.296677e+03 1.363113e+02 2.425701e+02 6.105376e+02 -1 -1 -1 -1
30 -1 5.387929e+02 9.769672e+01 1.429851e+02 3.351967e+02 -1 -1 -1 -1
30 -1 6.429219e+02 9.986513e+01 1.131269e+02 3.175922e+02 -1 -1 -1 -1
30 -1 8.764121e+02 1.577950e+02 1.277230e+02 2.240754e+02 -1 -1 -1 -1
30 -1 7.041026e+02 1.040566e+02 1.115528e+02 2.696004e+02 -1 -1 -1 -1
30 -1 7.019015e+02 1.075503e+02 6.690205e+01 2.480900e+02 -1 -1 -1 -1
31 -1 1.315554e+03 1.242942e+02 2.315572e+02 5.684218e+02 -1 -1 -1 -1
31 -1 5.390573e+02 9.568822e+01 1.415081e+02 3.398302e+02 -1 -1 -1 -1
31 -1 6.444296e+02 9.793758e+01 1.288731e+02 3.206007e+02 -1 -1 -1 -1
31 -1 8.786223e+02 1.578457e+02 1.235242e+02 2.223512e+02 -1 -1 -1 -1
31 -1 6.717569e+02 1.040898e+02 1.303646e+02 2.906349e+02 -1 -1 -1 -1
32 -1 1.324642e+03 1.185485e+02 2.034089e+02 5.695618e+02 -1 -1 -1 -1
32 -1 5.396244e+02 9.669262e+01 1.398898e+02 3.371967e+02 -1 -1 -1 -1
32 -1 6.449875e+02 9.798176e+01 1.317085e+02 3.210632e+02 -1 -1 -1 -1
32 -1 8.795526e+02 1.633504e+02 1.210328e+02 2.219259e+02 -1 -1 -1 -1
33 -1 1.311368e+03 1.180461e+02 1.945580e+02 5.505366e+02 -1 -1 -1 -1
33 -1 5.377687e+02 9.512556e+01 1.413398e+02 3.389971e+02 -1 -1 -1 -1
33 -1 6.436417e+02 1.015097e+02 1.334854e+02 3.210830e+02 -1 -1 -1 -1
33 -1 8.766364e+02 1.799043e+02 1.240299e+02 2.039692e+02 -1 -1 -1 -1
33 -1 7.268760e+02 1.484698e+02 7.920490e+01 2.165399e+02 -1 -1 -1 -1
34 -1 1.267711e+03 1.010875e+02 2.093044e+02 4.959981e+02 -1 -1 -1 -1
34 -1 5.374388e+02 9.636138e+01 1.472357e+02 3.413440e+02 -1 -1 -1 -1
34 -1 6.400397e+02 1.049733e+02 1.317875e+02 3.271175e+02 -1 -1 -1 -1
34 -1 8.787258e+02 1.594026e+02 1.202058e+02 2.214358e+02 -1 -1 -1 -1
34 -1 7.252841e+02 1.572951e+02 8.142025e+01 2.105235e+02 -1 -1 -1 -1
35 -1 1.257209e+03 9.868724e+01 1.954115e+02 5.017509e+02 -1 -1 -1 -1
35 -1 5.442918e+02 9.712469e+01 1.370352e+02 3.384840e+02 -1 -1 -1 -1
35 -1 6.428901e+02 1.082076e+02 1.291826e+02 3.493025e+02 -1 -1 -1 -1
35 -1 8.779373e+02 1.598403e+02 1.258725e+02 2.235430e+02 -1 -1 -1 -1
35 -1 6.760089e+02 1.118634e+02 1.242375e+02 2.928358e+02 -1 -1 -1 -1
35 -1 7.149451e+02 1.209082e+02 7.945267e+01 2.376279e+02 -1 -1 -1 -1
35 -1 7.039935e+02 1.152223e+02 5.450672e+01 1.213795e+02 -1 -1 -1 -1
36 -1 1.242461e+03 9.574728e+01 1.700283e+02 4.922799e+02 -1 -1 -1 -1
36 -1 6.347058e+02 1.080268e+02 1.336694e+02 3.519021e+02 -1 -1 -1 -1
36 -1 8.771514e+02 1.609114e+02 1.234617e+02 2.255351e+02 -1 -1 -1 -1
36 -1 5.509779e+02 1.055758e+02 1.265604e+02 3.291810e+02 -1 -1 -1 -1
36 -1 6.913899e+02 9.875140e+01 1.078746e+02 2.867112e+02 -1 -1 -1 -1
36 -1 6.898260e+02 1.018517e+02 8.215897e+01 1.887853e+02 -1 -1 -1 -1
37 -1 1.207633e+03 9.537695e+01 1.654454e+02 4.398191e+02 -1 -1 -1 -1
37 -1 6.277007e+02 1.132790e+02 1.371193e+02 3.809897e+02 -1 -1 -1 -1
37 -1 5.497874e+02 1.013649e+02 1.320118e+02 3.329474e+02 -1 -1 -1 -1
37 -1 8.777568e+02 1.600452e+02 1.225156e+02 2.206269e+02 -1 -1 -1 -1
37 -1 6.939242e+02 1.001457e+02 1.113288e+02 2.697828e+02 -1 -1 -1 -1
37 -1 6.871318e+02 9.670078e+01 8.763176e+01 1.978680e+02 -1 -1 -1 -1
38 -1 1.165432e+03 9.538000e+01 1.819654e+02 4.427306e+02 -1 -1 -1 -1
38 -1 6.278781e+02 1.169864e+02 1.471489e+02 3.956766e+02 -1 -1 -1 -1
38 -1 8.790716e+02 1.598395e+02 1.195341e+02 2.202520e+02 -1 -1 -1 -1
38 -1 5.473585e+02 1.015425e+02 1.226993e+02 3.303827e+02 -1 -1 -1 -1
38 -1 6.894927e+02 9.886724e+01 8.690884e+01 2.121919e+02 -1 -1 -1 -1
39 -1 1.141950e+03 9.849601e+01 1.552586e+02 4.245474e+02 -1 -1 -1 -1
39 -1 6.240127e+02 1.353656e+02 1.480395e+02 3.839669e+02 -1 -1 -1 -1
39 -1 8.786858e+02 1.607691e+02 1.196425e+02 2.189793e+02 -1 -1 -1 -1
39 -1 5.447294e+02 1.009546e+02 1.178014e+02 3.426607e+02 -1 -1 -1 -1
39 -1 6.938284e+02 9.786449e+01 1.172964e+02 2.600948e+02 -1 -1 -1 -1
39 -1 6.584151e+02 1.169711e+02 1.313287e+02 3.426651e+02 -1 -1 -1 -1
40 -1 1.139473e+03 8.480441e+01 1.249564e+02 4.250337e+02 -1 -1 -1 -1
40 -1 6.172515e+02 1.456481e+02 1.534062e+02 4.162241e+02 -1 -1 -1 -1
40 -1 8.782605e+02 1.607402e+02 1.222133e+02 2.206889e+02 -1 -1 -1 -1
40 -1 6.834785e+02 9.525220e+01 1.297684e+02 2.522656e+02 -1 -1 -1 -1
40 -1 5.453617e+02 9.852561e+01 1.036514e+02 3.358234e+02 -1 -1 -1 -1
40 -1 6.688796e+02 1.147043e+02 1.349545e+02 3.254095e+02 -1 -1 -1 -1
41 -1 1.082055e+03 8.419608e+01 1.470483e+02 4.088115e+02 -1 -1 -1 -1
41 -1 6.073943e+02 1.459943e+02 1.510643e+02 4.283297e+02 -1 -1 -1 -1
41 -1 8.796935e+02 1.588369e+02 1.221717e+02 2.227068e+02 -1 -1 -1 -1
41 -1 6.819065e+02 9.840505e+01 1.315631e+02 2.604592e+02 -1 -1 -1 -1
41 -1 5.438848e+02 9.442359e+01 8.649467e+01 3.336562e+02 -1 -1 -1 -1
41 -1 6.531804e+02 1.115979e+02 1.228167e+02 2.994051e+02 -1 -1 -1 -1
42 -1 1.050155e+03 8.214280e+01 1.464839e+02 4.027083e+02 -1 -1 -1 -1
42 -1 5.961626e+02 1.647767e+02 1.753392e+02 4.390846e+02 -1 -1 -1 -1
42 -1 8.799185e+02 1.594338e+02 1.242628e+02 2.205830e+02 -1 -1 -1 -1
42 -1 6.783251e+02 9.889509e+01 1.256188e+02 2.622092e+02 -1 -1 -1 -1
42 -1 5.357899e+02 8.946885e+01 7.984657e+01 3.436272e+02 -1 -1 -1 -1
42 -1 6.380289e+02 1.318641e+02 1.371706e+02 3.420772e+02 -1 -1 -1 -1
43 -1 1.027295e+03 8.893923e+01 1.236086e+02 3.743357e+02 -1 -1 -1 -1
43 -1 6.029104e+02 1.703268e+02 1.778426e+02 4.606145e+02 -1 -1 -1 -1
43 -1 8.784130e+02 1.592482e+02 1.263792e+02 2.230747e+02 -1 -1 -1 -1
43 -1 5.429498e+02 9.320950e+01 9.180370e+01 3.724505e+02 -1 -1 -1 -1
43 -1 6.773916e+02 9.616130e+01 1.365458e+02 2.604842e+02 -1 -1 -1 -1
43 -1 6.493550e+02 1.261736e+02 1.444579e+02 3.850175e+02 -1 -1 -1 -1
43 -1 6.761474e+02 9.798192e+01 8.782207e+01 1.775384e+02 -1 -1 -1 -1
44 -1 6.115394e+02 1.739343e+02 1.722292e+02 4.658646e+02 -1 -1 -1 -1
44 -1 9.860116e+02 7.085358e+01 1.223387e+02 3.903571e+02 -1 -1 -1 -1
44 -1 8.800816e+02 1.608887e+02 1.255018e+02 2.214268e+02 -1 -1 -1 -1
44 -1 5.441967e+02 9.486135e+01 9.881538e+01 3.758549e+02 -1 -1 -1 -1
44 -1 6.528470e+02 1.267623e+02 1.404668e+02 3.887062e+02 -1 -1 -1 -1
44 -1 6.766885e+02 9.492341e+01 1.314307e+02 2.656388e+02 -1 -1 -1 -1
44 -1 6.733047e+02 9.808919e+01 9.183517e+01 1.825412e+02 -1 -1 -1 -1
45 -1 9.432001e+02 8.411990e+01 1.441923e+02 3.752688e+02 -1 -1 -1 -1
45 -1 6.068235e+02 1.772141e+02 1.807783e+02 5.332763e+02 -1 -1 -1 -1
45 -1 5.453688e+02 9.504926e+01 9.834560e+01 3.709964e+02 -1 -1 -1 -1
45 -1 8.813224e+02 1.592142e+02 9.460310e+01 2.198547e+02 -1 -1 -1 -1
45 -1 6.674701e+02 9.512897e+01 1.388923e+02 2.691614e+02 -1 -1 -1 -1
45 -1 9.085594e+02 1.361414e+02 1.560509e+02 2.943575e+02 -1 -1 -1 -1
46 -1 6.136474e+02 2.004101e+02 1.897630e+02 5.256022e+02 -1 -1 -1 -1
46 -1 9.325821e+02 8.367849e+01 1.440639e+02 3.812048e+02 -1 -1 -1 -1
46 -1 8.850324e+02 1.606788e+02 7.126350e+01 2.146877e+02 -1 -1 -1 -1
46 -1 6.739458e+02 9.231757e+01 1.278904e+02 2.666985e+02 -1 -1 -1 -1
46 -1 5.502084e+02 9.524117e+01 7.257900e+01 2.837852e+02 -1 -1 -1 -1
47 -1 6.280188e+02 2.054016e+02 2.112617e+02 5.435203e+02 -1 -1 -1 -1
47 -1 8.906696e+02 9.060326e+01 1.107686e+02 3.776493e+02 -1 -1 -1 -1
47 -1 5.597381e+02 8.890396e+01 8.067295e+01 3.530208e+02 -1 -1 -1 -1
47 -1 8.837845e+02 1.632627e+02 4.791069e+01 2.037927e+02 -1 -1 -1 -1
47 -1 7.087959e+02 9.543350e+01 8.074116e+01 2.320624e+02 -1 -1 -1 -1
48 -1 6.566928e+02 2.165160e+02 2.232051e+02 5.639089e+02 -1 -1 -1 -1
48 -1 8.516543e+02 9.421680e+01 1.459511e+02 3.700984e+02 -1 -1 -1 -1
48 -1 5.643032e+02 9.094056e+01 1.065733e+02 3.421402e+02 -1 -1 -1 -1
49 -1 5.615772e+02 8.815666e+01 1.208154e+02 3.348230e+02 -1 -1 -1 -1
49 -1 7.094098e+02 2.147782e+02 1.784934e+02 5.804673e+02 -1 -1 -1 -1
49 -1 8.402400e+02 9.205058e+01 1.578932e+02 3.755737e+02 -1 -1 -1 -1
49 -1 7.466681e+02 9.259419e+01 8.358524e+01 1.446723e+02 -1 -1 -1 -1
50 -1 7.597882e+02 2.268147e+02 1.887328e+02 5.827127e+02 -1 -1 -1 -1
50 -1 5.531141e+02 9.251222e+01 1.367577e+02 3.385403e+02 -1 -1 -1 -1
50 -1 8.912312e+02 1.644161e+02 1.255429e+02 2.138853e+02 -1 -1 -1 -1
50 -1 8.015885e+02 8.221596e+01 1.029139e+02 1.681272e+02 -1 -1 -1 -1
50 -1 7.687468e+02 1.041375e+02 4.109493e+01 1.812826e+02 -1 -1 -1 -1
51 -1 8.119763e+02 2.421415e+02 2.768206e+02 5.874997e+02 -1 -1 -1 -1
51 -1 5.533706e+02 9.795056e+01 1.429023e+02 3.363204e+02 -1 -1 -1 -1
51 -1 7.450608e+02 8.967707e+01 1.318167e+02 4.087241e+02 -1 -1 -1 -1
51 -1 8.881353e+02 1.642394e+02 8.781549e+01 8.672301e+01 -1 -1 -1 -1
52 -1 8.420841e+02 2.459602e+02 2.501942e+02 5.741328e+02 -1 -1 -1 -1
52 -1 5.516800e+02 9.853179e+01 1.418930e+02 3.338993e+02 -1 -1 -1 -1
52 -1 7.229959e+02 9.782983e+01 1.597176e+02 4.027098e+02 -1 -1 -1 -1
52 -1 8.840053e+02 1.620991e+02 8.153143e+01 2.166814e+02 -1 -1 -1 -1
52 -1 8.086996e+02 9.356820e+01 4.129875e+01 8.763470e+01 -1 -1 -1 -1
53 -1 9.741545e+02 2.343309e+02 1.602832e+02 5.946288e+02 -1 -1 -1 -1
53 -1 7.135176e+02 9.601408e+01 1.322438e+02 4.292778e+02 -1 -1 -1 -1
53 -1 5.529684e+02 9.502002e+01 1.457410e+02 3.382066e+02 -1 -1 -1 -1
53 -1 8.794964e+02 1.630086e+02 1.180951e+02 2.191720e+02 -1 -1 -1 -1
53 -1 8.016324e+02 8.919572e+01 7.887451e+01 2.757137e+02 -1 -1 -1 -1
54 -1 9.841569e+02 2.341538e+02 2.677849e+02 5.965484e+02 -1 -1 -1 -1
54 -1 6.766151e+02 1.052038e+02 1.263908e+02 4.141101e+02 -1 -1 -1 -1
54 -1 5.580034e+02 9.224436e+01 1.378728e+02 3.523876e+02 -1 -1 -1 -1
54 -1 8.764041e+02 1.655853e+02 1.268967e+02 2.229963e+02 -1 -1 -1 -1
54 -1 8.103252e+02 8.811447e+01 7.466789e+01 2.726808e+02 -1 -1 -1 -1
55 -1 1.057448e+03 2.296817e+02 1.972169e+02 5.878339e+02 -1 -1 -1 -1
55 -1 6.438143e+02 1.068265e+02 1.564285e+02 4.464734e+02 -1 -1 -1 -1
55 -1 8.788808e+02 1.640571e+02 1.146588e+02 2.218917e+02 -1 -1 -1 -1
55 -1 5.589804e+02 8.887426e+01 1.360050e+02 3.663293e+02 -1 -1 -1 -1
55 -1 8.086057e+02 8.786318e+01 8.181496e+01 2.820944e+02 -1 -1 -1 -1
56 -1 1.145742e+03 2.056611e+02 1.590406e+02 5.884064e+02 -1 -1 -1 -1
56 -1 6.119912e+02 1.132646e+02 1.720999e+02 4.598398e+02 -1 -1 -1 -1
56 -1 8.758319e+02 1.578514e+02 1.166112e+02 2.254430e+02 -1 -1 -1 -1
56 -1 8.047448e+02 8.637894e+01 9.120083e+01 2.835504e+02 -1 -1 -1 -1
56 -1 5.582475e+02 9.004388e+01 9.230633e+01 2.971723e+02 -1 -1 -1 -1
57 -1 1.165462e+03 2.098510e+02 1.830611e+02 5.804168e+02 -1 -1 -1 -1
57 -1 5.722965e+02 1.034702e+02 1.760058e+02 4.834244e+02 -1 -1 -1 -1
57 -1 8.758787e+02 1.620973e+02 1.172692e+02 2.206084e+02 -1 -1 -1 -1
57 -1 7.838655e+02 9.616813e+01 9.860607e+01 2.707078e+02 -1 -1 -1 -1
58 -1 1.193888e+03 2.069271e+02 2.065629e+02 5.469161e+02 -1 -1 -1 -1
58 -1 5.445590e+02 9.970971e+01 1.782339e+02 5.209125e+02 -1 -1 -1 -1
58 -1 7.595190e+02 9.839902e+01 1.166921e+02 2.739047e+02 -1 -1 -1 -1
58 -1 8.773911e+02 1.623770e+02 1.186921e+02 2.214116e+02 -1 -1 -1 -1
59 -1 5.356568e+02 1.117826e+02 1.848288e+02 5.373560e+02 -1 -1 -1 -1
59 -1 1.238124e+03 1.891173e+02 1.901024e+02 5.389182e+02 -1 -1 -1 -1
59 -1 8.767075e+02 1.625970e+02 1.210910e+02 2.211023e+02 -1 -1 -1 -1
59 -1 7.471270e+02 9.247639e+01 1.079527e+02 2.807238e+02 -1 -1 -1 -1
60 -1 5.293078e+02 1.229853e+02 1.915352e+02 5.321648e+02 -1 -1 -1 -1
60 -1 1.256033e+03 1.828898e+02 1.655580e+02 5.444805e+02 -1 -1 -1 -1
60 -1 7.455616e+02 9.423676e+01 1.184678e+02 2.784260e+02 -1 -1 -1 -1
60 -1 8.803213e+02 1.646402e+02 1.174089e+02 2.192144e+02 -1 -1 -1 -1
61 -1 1.255111e+03 1.721415e+02 1.661382e+02 5.177383e+02 -1 -1 -1 -1
61 -1 5.211396e+02 1.249262e+02 1.959047e+02 5.944619e+02 -1 -1 -1 -1
61 -1 7.468802e+02 9.732909e+01 1.285508e+02 2.767155e+02 -1 -1 -1 -1
61 -1 8.792357e+02 1.653626e+02 1.164650e+02 2.195248e+02 -1 -1 -1 -1
62 -1 5.182704e+02 1.324547e+02 2.060283e+02 6.307279e+02 -1 -1 -1 -1
62 -1 1.249758e+03 1.585779e+02 1.999178e+02 4.828934e+02 -1 -1 -1 -1
62 -1 7.425680e+02 1.002549e+02 1.355493e+02 2.753048e+02 -1 -1 -1 -1
62 -1 8.779603e+02 1.659904e+02 1.193774e+02 2.185564e+02 -1 -1 -1 -1
62 -1 6.160863e+02 1.085292e+02 7.117023e+01 1.501316e+02 -1 -1 -1 -1
63 -1 1.239426e+03 1.586694e+02 1.797782e+02 4.855365e+02 -1 -1 -1 -1
63 -1 5.137362e+02 1.462792e+02 2.531130e+02 6.134423e+02 -1 -1 -1 -1
63 -1 7.462675e+02 1.006486e+02 1.281521e+02 2.753992e+02 -1 -1 -1 -1
63 -1 8.778843e+02 1.652287e+02 1.169385e+02 2.199709e+02 -1 -1 -1 -1
63 -1 6.294523e+02 1.040887e+02 9.938461e+01 2.174563e+02 -1 -1 -1 -1
64 -1 5.257260e+02 1.388669e+02 2.669363e+02 6.741598e+02 -1 -1 -1 -1
64 -1 1.186145e+03 1.520492e+02 1.958080e+02 4.424938e+02 -1 -1 -1 -1
64 -1 7.469635e+02 1.005851e+02 1.271165e+02 2.772346e+02 -1 -1 -1 -1
64 -1 8.777906e+02 1.651355e+02 1.186650e+02 2.189152e+02 -1 -1 -1 -1
64 -1 6.067387e+02 1.044588e+02 1.366256e+02 2.211731e+02 -1 -1 -1 -1
65 -1 1.121436e+03 1.419389e+02 2.215775e+02 4.287672e+02 -1 -1 -1 -1
65 -1 5.658063e+02 1.820652e+02 2.628518e+02 6.691136e+02 -1 -1 -1 -1
65 -1 7.405288e+02 1.013469e+02 1.374861e+02 2.628243e+02 -1 -1 -1 -1
65 -1 8.772909e+02 1.645389e+02 1.185717e+02 2.203275e+02 -1 -1 -1 -1
65 -1 5.769747e+02 1.084044e+02 9.768757e+01 2.168164e+02 -1 -1 -1 -1
66 -1 1.172615e+03 1.404514e+02 1.468748e+02 4.278589e+02 -1 -1 -1 -1
66 -1 6.081992e+02 1.779651e+02 2.345533e+02 6.788088e+02 -1 -1 -1 -1
66 -1 8.776992e+02 1.675802e+02 1.193881e+02 2.200603e+02 -1 -1 -1 -1
66 -1 7.342562e+02 9.882120e+01 1.447424e+02 2.576988e+02 -1 -1 -1 -1
66 -1 5.796527e+02 1.071651e+02 1.166441e+02 3.013651e+02 -1 -1 -1 -1
66 -1 7.330942e+02 1.001497e+02 1.006856e+02 1.657289e+02 -1 -1 -1 -1
67 -1 6.718783e+02 1.819978e+02 2.835118e+02 7.002846e+02 -1 -1 -1 -1
67 -1 1.189761e+03 1.392946e+02 1.020577e+02 3.890207e+02 -1 -1 -1 -1
67 -1 5.870175e+02 1.194182e+02 1.370419e+02 4.772555e+02 -1 -1 -1 -1
67 -1 8.808064e+02 1.636789e+02 1.147778e+02 2.228148e+02 -1 -1 -1 -1
67 -1 7.453460e+02 1.002309e+02 8.557915e+01 1.037588e+02 -1 -1 -1 -1
68 -1 7.279115e+02 2.177837e+02 3.067386e+02 6.761155e+02 -1 -1 -1 -1
68 -1 5.839466e+02 1.241218e+02 1.749782e+02 4.101928e+02 -1 -1 -1 -1
68 -1 1.181614e+03 1.325078e+02 1.053857e+02 3.845294e+02 -1 -1 -1 -1
68 -1 8.919096e+02 1.649932e+02 9.962723e+01 2.137382e+02 -1 -1 -1 -1
68 -1 7.435449e+02 9.832552e+01 8.885719e+01 2.428684e+02 -1 -1 -1 -1
69 -1 1.125765e+03 1.231718e+02 1.604409e+02 3.952910e+02 -1 -1 -1 -1
69 -1 7.919033e+02 1.777892e+02 2.440553e+02 7.158537e+02 -1 -1 -1 -1
69 -1 5.842149e+02 1.253409e+02 1.785785e+02 4.422326e+02 -1 -1 -1 -1
69 -1 7.402697e+02 1.007284e+02 1.036019e+02 2.623130e+02 -1 -1 -1 -1
70 -1 1.076113e+03 1.211754e+02 1.451182e+02 3.621342e+02 -1 -1 -1 -1
70 -1 5.723277e+02 1.350997e+02 1.823217e+02 4.596043e+02 -1 -1 -1 -1
70 -1 9.020494e+02 1.882996e+02 2.504546e+02 6.984864e+02 -1 -1 -1 -1
70 -1 7.431470e+02 9.747754e+01 1.302337e+02 2.792452e+02 -1 -1 -1 -1
70 -1 8.695685e+02 1.581619e+02 9.341566e+01 2.216612e+02 -1 -1 -1 -1
71 -1 9.346790e+02 2.043838e+02 3.177407e+02 6.876333e+02 -1 -1 -1 -1
71 -1 5.665837e+02 1.395861e+02 1.830866e+02 4.615044e+02 -1 -1 -1 -1
71 -1 8.681069e+02 1.614181e+02 1.040980e+02 2.246892e+02 -1 -1 -1 -1
71 -1 7.445511e+02 1.005170e+02 1.276580e+02 2.764754e+02 -1 -1 -1 -1
71 -1 1.114073e+03 1.211568e+02 8.630241e+01 3.463571e+02 -1 -1 -1 -1
72 -1 1.024280e+03 1.791338e+02 2.318907e+02 6.996403e+02 -1 -1 -1 -1
72 -1 5.636378e+02 1.464155e+02 1.964367e+02 5.052767e+02 -1 -1 -1 -1
72 -1 8.645461e+02 1.609318e+02 1.065967e+02 2.239996e+02 -1 -1 -1 -1
72 -1 7.460902e+02 9.917045e+01 1.128898e+02 2.754871e+02 -1 -1 -1 -1
72 -1 1.070868e+03 1.055235e+02 7.449074e+01 2.239861e+02 -1 -1 -1 -1
73 -1 5.803103e+02 1.563351e+02 1.894249e+02 5.197451e+02 -1 -1 -1 -1
73 -1 1.113875e+03 1.646765e+02 2.091895e+02 6.910494e+02 -1 -1 -1 -1
73 -1 1.031679e+03 1.171587e+02 9.152298e+01 3.462988e+02 -1 -1 -1 -1
73 -1 8.620178e+02 1.594763e+02 1.084340e+02 2.228886e+02 -1 -1 -1 -1
73 -1 7.551613e+02 9.877412e+01 1.152327e+02 2.762252e+02 -1 -1 -1 -1
74 -1 1.151797e+03 1.714598e+02 2.308614e+02 6.698522e+02 -1 -1 -1 -1
74 -1 9.665904e+02 1.258607e+02 1.288612e+02 3.300799e+02 -1 -1 -1 -1
74 -1 5.802517e+02 1.536030e+02 2.012076e+02 5.461063e+02 -1 -1 -1 -1
74 -1 8.667009e+02 1.629158e+02 9.795639e+01 2.203202e+02 -1 -1 -1 -1
74 -1 7.653192e+02 1.081061e+02 1.085636e+02 2.591206e+02 -1 -1 -1 -1
75 -1 1.216006e+03 1.458050e+02 2.653896e+02 6.562810e+02 -1 -1 -1 -1
75 -1 5.818588e+02 1.795466e+02 2.143738e+02 5.852496e+02 -1 -1 -1 -1
75 -1 9.580441e+02 1.173821e+02 1.219834e+02 3.417948e+02 -1 -1 -1 -1
75 -1 8.602163e+02 1.627473e+02 9.654808e+01 2.185174e+02 -1 -1 -1 -1
75 -1 7.647297e+02 1.244353e+02 1.168149e+02 2.403164e+02 -1 -1 -1 -1
76 -1 1.252831e+03 1.398183e+02 2.896438e+02 6.556470e+02 -1 -1 -1 -1
76 -1 5.774212e+02 1.767140e+02 2.131715e+02 5.979570e+02 -1 -1 -1 -1
76 -1 8.948197e+02 1.244811e+02 1.439557e+02 3.369574e+02 -1 -1 -1 -1
76 -1 7.654232e+02 1.322908e+02 1.320090e+02 2.401906e+02 -1 -1 -1 -1
76 -1 8.601248e+02 1.548318e+02 9.885532e+01 2.134481e+02 -1 -1 -1 -1
76 -1 8.593837e+02 1.300570e+02 1.554799e+02 2.932226e+02 -1 -1 -1 -1
77 -1 1.280132e+03 1.429956e+02 2.602032e+02 6.417481e+02 -1 -1 -1 -1
77 -1 5.889971e+02 1.921032e+02 2.347422e+02 5.844960e+02 -1 -1 -1 -1
77 -1 8.680737e+02 1.177433e+02 1.703202e+02 3.633529e+02 -1 -1 -1 -1
77 -1 7.727257e+02 1.339555e+02 1.335132e+02 2.396528e+02 -1 -1 -1 -1
78 -1 1.292548e+03 1.256313e+02 2.275987e+02 6.030682e+02 -1 -1 -1 -1
78 -1 6.332540e+02 2.096143e+02 2.380909e+02 6.175316e+02 -1 -1 -1 -1
78 -1 8.660161e+02 1.239305e+02 1.393538e+02 3.579368e+02 -1 -1 -1 -1
78 -1 7.778684e+02 1.313273e+02 1.129468e+02 2.383753e+02 -1 -1 -1 -1
79 -1 1.285139e+03 1.141918e+02 2.271002e+02 5.695815e+02 -1 -1 -1 -1
79 -1 6.794289e+02 2.080691e+02 2.388437e+02 6.112889e+02 -1 -1 -1 -1
79 -1 8.380075e+02 1.371270e+02 1.074196e+02 3.402624e+02 -1 -1 -1 -1
79 -1 7.953680e+02 1.309389e+02 7.977345e+01 1.736070e+02 -1 -1 -1 -1
80 -1 7.263253e+02 2.173568e+02 2.569588e+02 6.426697e+02 -1 -1 -1 -1
80 -1 1.284645e+03 1.084172e+02 2.175343e+02 5.717853e+02 -1 -1 -1 -1
80 -1 7.698063e+02 1.141802e+02 1.670588e+02 2.585696e+02 -1 -1 -1 -1
80 -1 8.975856e+02 1.648715e+02 7.586706e+01 1.935179e+02 -1 -1 -1 -1
80 -1 7.766913e+02 1.146139e+02 1.373710e+02 1.694340e+02 -1 -1 -1 -1
80 -1 7.997760e+02 1.372278e+02 1.658751e+02 3.322780e+02 -1 -1 -1 -1
81 -1 7.790095e+02 2.227771e+02 2.427566e+02 6.750759e+02 -1 -1 -1 -1
81 -1 1.284945e+03 1.045836e+02 2.001775e+02 5.624530e+02 -1 -1 -1 -1
81 -1 7.628363e+02 1.229894e+02 1.257602e+02 2.494221e+02 -1 -1 -1 -1
81 -1 8.944626e+02 1.668195e+02 7.305822e+01 1.457641e+02 -1 -1 -1 -1
82 -1 1.265811e+03 9.653248e+01 1.864220e+02 4.906371e+02 -1 -1 -1 -1
82 -1 6.840141e+02 1.214415e+02 1.824954e+02 4.067504e+02 -1 -1 -1 -1
82 -1 8.739273e+02 2.354532e+02 1.923855e+02 6.514841e+02 -1 -1 -1 -1
83 -1 9.188002e+02 2.343559e+02 2.953791e+02 6.505800e+02 -1 -1 -1 -1
83 -1 1.231020e+03 1.025760e+02 1.830730e+02 4.794187e+02 -1 -1 -1 -1
83 -1 6.610953e+02 1.103322e+02 1.919420e+02 4.300044e+02 -1 -1 -1 -1
83 -1 8.602838e+02 1.666703e+02 1.157771e+02 2.140128e+02 -1 -1 -1 -1
84 -1 9.338252e+02 2.236463e+02 3.192900e+02 6.583191e+02 -1 -1 -1 -1
84 -1 1.223242e+03 1.007691e+02 1.557232e+02 4.664699e+02 -1 -1 -1 -1
84 -1 6.749105e+02 1.247698e+02 1.525143e+02 4.185545e+02 -1 -1 -1 -1
84 -1 8.629995e+02 1.630788e+02 1.149697e+02 2.196392e+02 -1 -1 -1 -1
85 -1 1.051710e+03 2.071560e+02 1.877154e+02 6.487050e+02 -1 -1 -1 -1
85 -1 6.378407e+02 1.257816e+02 1.721234e+02 4.468464e+02 -1 -1 -1 -1
85 -1 1.213718e+03 8.070161e+01 1.455256e+02 4.523018e+02 -1 -1 -1 -1
85 -1 8.615206e+02 1.610849e+02 1.161380e+02 2.243294e+02 -1 -1 -1 -1
86 -1 5.939283e+02 1.457015e+02 1.991031e+02 4.351965e+02 -1 -1 -1 -1
86 -1 1.113066e+03 2.119498e+02 2.341676e+02 6.229700e+02 -1 -1 -1 -1
86 -1 8.612056e+02 1.618522e+02 1.165642e+02 2.232630e+02 -1 -1 -1 -1
86 -1 1.192250e+03 8.651195e+01 1.329261e+02 2.782502e+02 -1 -1 -1 -1
86 -1 7.182200e+02 9.998040e+01 1.234513e+02 2.729852e+02 -1 -1 -1 -1
87 -1 1.125093e+03 1.963155e+02 2.756644e+02 6.369987e+02 -1 -1 -1 -1
87 -1 5.387192e+02 1.621530e+02 2.209687e+02 4.441073e+02 -1 -1 -1 -1
87 -1 1.132488e+03 8.060119e+01 1.349954e+02 4.157987e+02 -1 -1 -1 -1
87 -1 8.626662e+02 1.623443e+02 1.126524e+02 2.218471e+02 -1 -1 -1 -1
87 -1 7.135731e+02 1.004980e+02 1.350295e+02 2.744980e+02 -1 -1 -1 -1
88 -1 1.181409e+03 1.830580e+02 2.850863e+02 6.160490e+02 -1 -1 -1 -1
88 -1 5.721416e+02 1.546576e+02 1.843409e+02 4.738308e+02 -1 -1 -1 -1
88 -1 1.114246e+03 7.664336e+01 1.248454e+02 4.115538e+02 -1 -1 -1 -1
88 -1 8.628213e+02 1.626055e+02 1.114534e+02 2.223350e+02 -1 -1 -1 -1
88 -1 7.071277e+02 9.958244e+01 1.426088e+02 2.733826e+02 -1 -1 -1 -1
89 -1 1.193470e+03 1.805123e+02 3.171114e+02 6.251748e+02 -1 -1 -1 -1
89 -1 1.049296e+03 7.048290e+01 1.455920e+02 4.030720e+02 -1 -1 -1 -1
89 -1 5.823305e+02 1.705588e+02 1.741574e+02 4.659211e+02 -1 -1 -1 -1
89 -1 8.623798e+02 1.623265e+02 1.124131e+02 2.212557e+02 -1 -1 -1 -1
89 -1 7.059056e+02 9.911913e+01 1.310747e+02 2.796679e+02 -1 -1 -1 -1
89 -1 5.782852e+02 2.363286e+02 4.653809e+01 2.372379e+02 -1 -1 -1 -1
90 -1 5.772287e+02 1.776600e+02 1.722884e+02 5.158069e+02 -1 -1 -1 -1
90 -1 1.026287e+03 7.892748e+01 1.540865e+02 3.929483e+02 -1 -1 -1 -1
90 -1 1.265828e+03 1.788417e+02 2.399174e+02 6.214729e+02 -1 -1 -1 -1
90 -1 8.608864e+02 1.630507e+02 1.117438e+02 2.253312e+02 -1 -1 -1 -1
90 -1 7.052561e+02 9.091109e+01 1.385717e+02 2.757551e+02 -1 -1 -1 -1
91 -1 1.200779e+03 1.537352e+02 3.815096e+02 5.709872e+02 -1 -1 -1 -1
91 -1 5.666507e+02 1.847031e+02 1.931695e+02 5.454761e+02 -1 -1 -1 -1
91 -1 9.910283e+02 7.036520e+01 1.104572e+02 3.929763e+02 -1 -1 -1 -1
91 -1 7.104155e+02 9.443395e+01 1.325598e+02 2.744528e+02 -1 -1 -1 -1
91 -1 8.643864e+02 1.644875e+02 1.111469e+02 2.205501e+02 -1 -1 -1 -1
92 -1 1.147697e+03 1.578894e+02 4.789240e+02 5.580030e+02 -1 -1 -1 -1
92 -1 5.622042e+02 1.958372e+02 2.272806e+02 5.185402e+02 -1 -1 -1 -1
92 -1 9.319238e+02 9.053434e+01 1.510430e+02 3.573740e+02 -1 -1 -1 -1
92 -1 7.151787e+02 9.926424e+01 1.255401e+02 2.716544e+02 -1 -1 -1 -1
92 -1 8.628435e+02 1.653557e+02 1.161215e+02 2.197913e+02 -1 -1 -1 -1
93 -1 1.227842e+03 1.623499e+02 3.170400e+02 5.495399e+02 -1 -1 -1 -1
93 -1 5.728747e+02 1.945735e+02 2.231138e+02 5.614656e+02 -1 -1 -1 -1
93 -1 9.218770e+02 8.672948e+01 1.554132e+02 3.620086e+02 -1 -1 -1 -1
93 -1 7.057158e+02 9.755701e+01 1.381490e+02 2.781360e+02 -1 -1 -1 -1
93 -1 8.603129e+02 1.694044e+02 1.015886e+02 2.155460e+02 -1 -1 -1 -1
93 -1 8.684739e+02 1.539878e+02 1.286355e+02 2.618867e+02 -1 -1 -1 -1
94 -1 1.289934e+03 1.390555e+02 2.111570e+02 5.036243e+02 -1 -1 -1 -1
94 -1 5.850958e+02 2.043967e+02 1.890872e+02 5.668221e+02 -1 -1 -1 -1
94 -1 8.740918e+02 7.711990e+01 1.414570e+02 3.740467e+02 -1 -1 -1 -1
94 -1 7.093309e+02 1.006361e+02 1.348398e+02 2.753414e+02 -1 -1 -1 -1
95 -1 5.470058e+02 2.219391e+02 3.178625e+02 6.372783e+02 -1 -1 -1 -1
95 -1 1.172566e+03 1.368104e+02 2.988492e+02 4.956625e+02 -1 -1 -1 -1
95 -1 8.297205e+02 8.712430e+01 1.555467e+02 3.632608e+02 -1 -1 -1 -1
95 -1 7.156236e+02 9.827779e+01 1.229077e+02 2.691866e+02 -1 -1 -1 -1
96 -1 5.842509e+02 2.483581e+02 3.226752e+02 6.323675e+02 -1 -1 -1 -1
96 -1 1.234965e+03 1.286773e+02 2.045597e+02 4.973518e+02 -1 -1 -1 -1
96 -1 8.181739e+02 8.885746e+01 1.478747e+02 3.693814e+02 -1 -1 -1 -1
96 -1 9.133905e+02 1.634888e+02 6.858055e+01 2.024919e+02 -1 -1 -1 -1
96 -1 7.177952e+02 9.575927e+01 1.180632e+02 2.621725e+02 -1 -1 -1 -1
97 -1 1.236316e+03 1.262398e+02 1.691311e+02 4.503361e+02 -1 -1 -1 -1
97 -1 7.073872e+02 2.461195e+02 1.802075e+02 6.206937e+02 -1 -1 -1 -1
97 -1 8.801047e+02 1.636039e+02 9.704041e+01 2.188103e+02 -1 -1 -1 -1
97 -1 7.979732e+02 8.748941e+01 9.208408e+01 3.761510e+02 -1 -1 -1 -1
97 -1 7.180902e+02 9.284370e+01 9.172176e+01 2.059533e+02 -1 -1 -1 -1
98 -1 1.153851e+03 1.196665e+02 2.223033e+02 4.527323e+02 -1 -1 -1 -1
98 -1 7.521964e+02 2.572897e+02 2.302294e+02 6.072198e+02 -1 -1 -1 -1
98 -1 8.820377e+02 1.654803e+02 9.452465e+01 2.141154e+02 -1 -1 -1 -1
98 -1 7.252179e+02 8.891833e+01 1.159769e+02 2.914983e+02 -1 -1 -1 -1
98 -1 7.195221e+02 1.021398e+02 7.795887e+01 2.683430e+02 -1 -1 -1 -1
99 -1 7.732742e+02 2.615540e+02 2.927518e+02 6.011057e+02 -1 -1 -1 -1
99 -1 1.157273e+03 1.262094e+02 1.851080e+02 4.310264e+02 -1 -1 -1 -1
99 -1 7.056672e+02 8.663347e+01 1.428455e+02 4.129209e+02 -1 -1 -1 -1
99 -1 8.874031e+02 1.654046e+02 8.948696e+01 1.039518e+02 -1 -1 -1 -1
100 -1 1.168648e+03 1.098178e+02 1.411118e+02 4.123352e+02 -1 -1 -1 -1
100 -1 9.100129e+02 2.422876e+02 2.181294e+02 6.129347e+02 -1 -1 -1 -1
100 -1 6.255840e+02 9.386269e+01 1.756178e+02 4.177198e+02 -1 -1 -1 -1
100 -1 8.691900e+02 1.671790e+02 1.096886e+02 2.159560e+02 -1 -1 -1 -1
100 -1 7.633468e+02 9.308179e+01 7.156803e+01 2.649802e+02 -1 -1 -1 -1
101 -1 1.121995e+03 1.024555e+02 1.638881e+02 4.106652e+02 -1 -1 -1 -1
101 -1 5.889389e+02 1.017664e+02 2.006139e+02 4.410165e+02 -1 -1 -1 -1
101 -1 9.682257e+02 2.369135e+02 2.258945e+02 6.204647e+02 -1 -1 -1 -1
101 -1 8.642215e+02 1.594783e+02 1.097961e+02 2.287397e+02 -1 -1 -1 -1
101 -1 7.408801e+02 9.470097e+01 9.865253e+01 2.778766e+02 -1 -1 -1 -1
102 -1 5.855030e+02 1.048954e+02 1.681293e+02 4.590128e+02 -1 -1 -1 -1
102 -1 9.880261e+02 2.366482e+02 2.551776e+02 6.095708e+02 -1 -1 -1 -1
102 -1 8.656769e+02 1.642048e+02 1.126122e+02 2.212523e+02 -1 -1 -1 -1
102 -1 1.154258e+03 1.047972e+02 9.134628e+01 3.826766e+02 -1 -1 -1 -1
102 -1 7.511109e+02 9.841615e+01 8.712742e+01 2.705328e+02 -1 -1 -1 -1
103 -1 1.103641e+03 2.298716e+02 2.181979e+02 5.983550e+02 -1 -1 -1 -1
103 -1 5.655425e+02 1.075214e+02 1.726560e+02 4.941184e+02 -1 -1 -1 -1
103 -1 8.672717e+02 1.643620e+02 1.094049e+02 2.223947e+02 -1 -1 -1 -1
103 -1 1.075086e+03 1.048490e+02 1.185265e+02 2.706756e+02 -1 -1 -1 -1
103 -1 7.561059e+02 9.776649e+01 8.482212e+01 2.712706e+02 -1 -1 -1 -1
104 -1 1.132023e+03 2.289841e+02 2.255653e+02 5.949184e+02 -1 -1 -1 -1
104 -1 5.602196e+02 1.162776e+02 1.689708e+02 4.965883e+02 -1 -1 -1 -1
104 -1 8.662182e+02 1.643622e+02 1.108190e+02 2.223731e+02 -1 -1 -1 -1
104 -1 1.047551e+03 9.978292e+01 1.269676e+02 3.737019e+02 -1 -1 -1 -1
104 -1 7.537026e+02 9.836321e+01 8.855644e+01 2.725995e+02 -1 -1 -1 -1
105 -1 1.173948e+03 2.135621e+02 2.074244e+02 6.040844e+02 -1 -1 -1 -1
105 -1 5.360346e+02 1.141624e+02 1.832684e+02 5.221675e+02 -1 -1 -1 -1
105 -1 1.032892e+03 1.093376e+02 1.393037e+02 3.592818e+02 -1 -1 -1 -1
105 -1 8.651854e+02 1.660714e+02 1.125257e+02 2.213511e+02 -1 -1 -1 -1
105 -1 7.608686e+02 8.740254e+01 8.428562e+01 2.813922e+02 -1 -1 -1 -1
106 -1 1.199303e+03 1.873410e+02 2.088927e+02 5.729522e+02 -1 -1 -1 -1
106 -1 5.097451e+02 1.217967e+02 2.110426e+02 5.547590e+02 -1 -1 -1 -1
106 -1 9.969562e+02 1.026171e+02 9.676208e+01 3.511447e+02 -1 -1 -1 -1
106 -1 8.654076e+02 1.641950e+02 1.125316e+02 2.243281e+02 -1 -1 -1 -1
106 -1 7.605440e+02 9.386238e+01 8.388874e+01 2.732763e+02 -1 -1 -1 -1
107 -1 1.217396e+03 1.858721e+02 1.954086e+02 5.655599e+02 -1 -1 -1 -1
107 -1 5.105273e+02 1.312049e+02 2.128163e+02 5.792016e+02 -1 -1 -1 -1
107 -1 9.334019e+02 1.061581e+02 1.531144e+02 3.528521e+02 -1 -1 -1 -1
107 -1 8.653978e+02 1.656218e+02 1.081230e+02 2.224391e+02 -1 -1 -1 -1
107 -1 7.616973e+02 9.189620e+01 8.129665e+01 2.739494e+02 -1 -1 -1 -1
108 -1 1.241006e+03 1.795011e+02 1.892928e+02 5.403412e+02 -1 -1 -1 -1
108 -1 5.228823e+02 1.383118e+02 2.204077e+02 5.854979e+02 -1 -1 -1 -1
108 -1 9.250041e+02 1.057580e+02 1.559453e+02 3.462433e+02 -1 -1 -1 -1
108 -1 7.610340e+02 9.363435e+01 8.411842e+01 2.721892e+02 -1 -1 -1 -1
108 -1 8.610727e+02 1.667568e+02 1.046350e+02 2.184583e+02 -1 -1 -1 -1
109 -1 5.327886e+02 1.469305e+02 2.367979e+02 6.255355e+02 -1 -1 -1 -1
109 -1 1.245302e+03 1.709976e+02 1.816697e+02 4.989867e+02 -1 -1 -1 -1
109 -1 8.740722e+02 1.077069e+02 1.315524e+02 3.432720e+02 -1 -1 -1 -1
109 -1 7.602905e+02 9.674980e+01 8.366364e+01 2.692416e+02 -1 -1 -1 -1
110 -1 5.539880e+02 1.723498e+02 2.549847e+02 6.928798e+02 -1 -1 -1 -1
110 -1 1.241776e+03 1.687653e+02 1.713707e+02 4.992630e+02 -1 -1 -1 -1
110 -1 8.460072e+02 1.117568e+02 1.505614e+02 3.399385e+02 -1 -1 -1 -1
110 -1 7.594240e+02 9.432024e+01 8.111195e+01 2.627485e+02 -1 -1 -1 -1
111 -1 1.221876e+03 1.530969e+02 1.594817e+02 4.640536e+02 -1 -1 -1 -1
111 -1 6.017879e+02 1.653861e+02 2.502695e+02 6.837725e+02 -1 -1 -1 -1
111 -1 8.244697e+02 1.222239e+02 1.493730e+02 3.420068e+02 -1 -1 -1 -1
111 -1 9.076707e+02 1.620754e+02 7.684050e+01 2.119059e+02 -1 -1 -1 -1
111 -1 7.557614e+02 9.545538e+01 7.169300e+01 2.595397e+02 -1 -1 -1 -1
112 -1 1.192862e+03 1.483144e+02 1.656583e+02 4.457479e+02 -1 -1 -1 -1
112 -1 6.792772e+02 1.726484e+02 3.044907e+02 6.909030e+02 -1 -1 -1 -1
112 -1 7.644883e+02 1.078925e+02 1.372444e+02 3.587290e+02 -1 -1 -1 -1
112 -1 8.873010e+02 1.634097e+02 9.139578e+01 2.186779e+02 -1 -1 -1 -1
112 -1 8.088560e+02 1.362256e+02 8.136257e+01 3.339958e+02 -1 -1 -1 -1
113 -1 7.285898e+02 2.116883e+02 3.041963e+02 6.486716e+02 -1 -1 -1 -1
113 -1 1.191882e+03 1.442598e+02 1.465681e+02 4.503401e+02 -1 -1 -1 -1
113 -1 7.028852e+02 1.037625e+02 1.484016e+02 2.754360e+02 -1 -1 -1 -1
113 -1 9.104043e+02 1.658452e+02 6.332851e+01 2.120261e+02 -1 -1 -1 -1
114 -1 1.197040e+03 1.319886e+02 1.273096e+02 4.097548e+02 -1 -1 -1 -1
114 -1 7.105931e+02 1.077368e+02 1.394239e+02 4.100809e+02 -1 -1 -1 -1
114 -1 8.135604e+02 1.815617e+02 2.229781e+02 7.012093e+02 -1 -1 -1 -1
115 -1 1.148123e+03 1.317449e+02 1.415492e+02 3.957116e+02 -1 -1 -1 -1
115 -1 9.178171e+02 1.907715e+02 2.705174e+02 6.725480e+02 -1 -1 -1 -1
115 -1 6.656806e+02 1.125397e+02 1.879551e+02 4.015334e+02 -1 -1 -1 -1
115 -1 8.789409e+02 1.627305e+02 9.543520e+01 2.132285e+02 -1 -1 -1 -1
115 -1 7.697249e+02 9.255511e+01 7.969883e+01 1.686880e+02 -1 -1 -1 -1
116 -1 9.407437e+02 1.877434e+02 2.903824e+02 6.686542e+02 -1 -1 -1 -1
116 -1 6.057884e+02 1.186366e+02 2.648045e+02 4.187510e+02 -1 -1 -1 -1
116 -1 1.155149e+03 1.242206e+02 1.126723e+02 3.949975e+02 -1 -1 -1 -1
116 -1 8.798456e+02 1.629717e+02 9.974310e+01 2.184414e+02 -1 -1 -1 -1
116 -1 7.509154e+02 9.641482e+01 8.083935e+01 1.914558e+02 -1 -1 -1 -1
116 -1 7.535300e+02 9.176178e+01 1.153710e+02 2.583110e+02 -1 -1 -1 -1
117 -1 6.337450e+02 1.230874e+02 1.674009e+02 4.265301e+02 -1 -1 -1 -1
117 -1 1.013492e+03 1.658533e+02 2.443748e+02 6.851497e+02 -1 -1 -1 -1
117 -1 8.733446e+02 1.616874e+02 1.183216e+02 2.269769e+02 -1 -1 -1 -1
117 -1 7.533062e+02 9.647639e+01 9.028679e+01 2.568959e+02 -1 -1 -1 -1
117 -1 1.133087e+03 1.189944e+02 9.179924e+01 1.331743e+02 -1 -1 -1 -1
118 -1 1.079067e+03 1.620756e+02 2.962960e+02 6.870899e+02 -1 -1 -1 -1
118 -1 5.790236e+02 1.263592e+02 2.244139e+02 4.327538e+02 -1 -1 -1 -1
118 -1 8.747524e+02 1.624976e+02 1.212932e+02 2.208175e+02 -1 -1 -1 -1
118 -1 1.080901e+03 1.233738e+02 1.153155e+02 2.659282e+02 -1 -1 -1 -1
118 -1 7.345043e+02 9.716355e+01 9.068115e+01 2.613468e+02 -1 -1 -1 -1
119 -1 1.134907e+03 1.609230e+02 2.787703e+02 6.717655e+02 -1 -1 -1 -1
119 -1 5.624605e+02 1.340369e+02 2.613169e+02 4.645343e+02 -1 -1 -1 -1
119 -1 1.048545e+03 1.318036e+02 1.225626e+02 3.476827e+02 -1 -1 -1 -1
119 -1 8.770031e+02 1.614566e+02 1.272029e+02 2.203177e+02 -1 -1 -1 -1
119 -1 7.222263e+02 9.146117e+01 1.095351e+02 2.759376e+02 -1 -1 -1 -1
120 -1 1.197714e+03 1.414909e+02 2.336355e+02 6.384959e+02 -1 -1 -1 -1
120 -1 5.884464e+02 1.407014e+02 1.798618e+02 4.691844e+02 -1 -1 -1 -1
120 -1 1.008730e+03 1.241382e+02 1.044262e+02 3.400734e+02 -1 -1 -1 -1
120 -1 8.786761e+02 1.599500e+02 1.226082e+02 2.230424e+02 -1 -1 -1 -1
120 -1 7.202124e+02 9.804726e+01 1.223985e+02 2.783438e+02 -1 -1 -1 -1
121 -1 1.214182e+03 1.357377e+02 2.497565e+02 6.142756e+02 -1 -1 -1 -1
121 -1 5.869885e+02 1.435370e+02 2.349553e+02 4.976657e+02 -1 -1 -1 -1
121 -1 9.446492e+02 1.204036e+02 1.530346e+02 3.505428e+02 -1 -1 -1 -1
121 -1 8.756982e+02 1.613220e+02 1.040715e+02 2.204770e+02 -1 -1 -1 -1
121 -1 7.238214e+02 9.395757e+01 1.165429e+02 2.740546e+02 -1 -1 -1 -1
121 -1 9.083471e+02 1.451896e+02 1.541274e+02 2.926071e+02 -1 -1 -1 -1
122 -1 1.241802e+03 1.342725e+02 2.454147e+02 6.212628e+02 -1 -1 -1 -1
122 -1 5.807989e+02 1.481866e+02 2.641105e+02 5.222741e+02 -1 -1 -1 -1
122 -1 9.466922e+02 1.281554e+02 1.425357e+02 3.418108e+02 -1 -1 -1 -1
122 -1 8.779733e+02 1.505477e+02 9.853718e+01 2.323670e+02 -1 -1 -1 -1
122 -1 7.219589e+02 9.580350e+01 1.179635e+02 2.797340e+02 -1 -1 -1 -1
122 -1 9.581166e+02 1.148139e+02 7.420149e+01 1.523824e+02 -1 -1 -1 -1
123 -1 1.263323e+03 1.157023e+02 2.331285e+02 5.588890e+02 -1 -1 -1 -1
123 -1 5.851342e+02 1.586434e+02 1.785740e+02 5.281503e+02 -1 -1 -1 -1
123 -1 8.808016e+02 1.255894e+02 1.361701e+02 3.475131e+02 -1 -1 -1 -1
123 -1 7.321854e+02 9.653658e+01 1.092834e+02 2.801560e+02 -1 -1 -1 -1
124 -1 1.242452e+03 1.091041e+02 2.437530e+02 5.607017e+02 -1 -1 -1 -1
124 -1 5.803569e+02 1.707653e+02 2.268055e+02 5.307471e+02 -1 -1 -1 -1
124 -1 8.314908e+02 1.281502e+02 1.696784e+02 3.560556e+02 -1 -1 -1 -1
124 -1 7.385254e+02 9.405603e+01 1.050996e+02 2.730372e+02 -1 -1 -1 -1
125 -1 1.200007e+03 1.006709e+02 2.570810e+02 5.568644e+02 -1 -1 -1 -1
125 -1 6.017047e+02 1.769861e+02 2.392969e+02 5.436866e+02 -1 -1 -1 -1
125 -1 8.307536e+02 1.356969e+02 1.484213e+02 3.443321e+02 -1 -1 -1 -1
125 -1 7.364364e+02 9.264851e+01 1.185610e+02 2.810173e+02 -1 -1 -1 -1
125 -1 9.094581e+02 1.599874e+02 9.208843e+01 2.210735e+02 -1 -1 -1 -1
126 -1 1.177603e+03 1.028209e+02 2.638481e+02 4.887295e+02 -1 -1 -1 -1
126 -1 6.255913e+02 1.832541e+02 1.887545e+02 5.449608e+02 -1 -1 -1 -1
126 -1 7.991862e+02 1.343828e+02 1.118531e+02 3.629296e+02 -1 -1 -1 -1
126 -1 8.830136e+02 1.617865e+02 1.037703e+02 2.198038e+02 -1 -1 -1 -1
126 -1 7.381931e+02 9.644241e+01 8.298283e+01 2.260476e+02 -1 -1 -1 -1
126 -1 8.533072e+02 1.450999e+02 1.230261e+02 2.690595e+02 -1 -1 -1 -1
127 -1 1.160534e+03 1.029701e+02 2.580238e+02 4.745795e+02 -1 -1 -1 -1
127 -1 6.503710e+02 1.940230e+02 2.134018e+02 5.856024e+02 -1 -1 -1 -1
127 -1 7.818003e+02 1.258562e+02 1.170098e+02 3.748706e+02 -1 -1 -1 -1
127 -1 8.651602e+02 1.621305e+02 1.179381e+02 2.255891e+02 -1 -1 -1 -1
127 -1 7.356903e+02 1.002109e+02 6.592117e+01 1.093359e+02 -1 -1 -1 -1
127 -1 8.135985e+02 1.482697e+02 1.266784e+02 3.053775e+02 -1 -1 -1 -1
128 -1 1.146517e+03 9.698077e+01 2.194569e+02 4.581168e+02 -1 -1 -1 -1
128 -1 7.081784e+02 1.833755e+02 1.926282e+02 6.224334e+02 -1 -1 -1 -1
128 -1 8.799013e+02 1.608751e+02 1.152829e+02 2.214933e+02 -1 -1 -1 -1
128 -1 7.386843e+02 1.255875e+02 8.746010e+01 1.341236e+02 -1 -1 -1 -1
129 -1 1.140931e+03 7.671001e+01 1.908842e+02 4.425380e+02 -1 -1 -1 -1
129 -1 7.519001e+02 2.093542e+02 1.923092e+02 6.061079e+02 -1 -1 -1 -1
129 -1 6.931132e+02 1.293941e+02 1.157376e+02 3.996055e+02 -1 -1 -1 -1
129 -1 8.652748e+02 1.569680e+02 1.321927e+02 2.233365e+02 -1 -1 -1 -1
129 -1 7.619150e+02 9.600511e+01 6.693008e+01 1.534277e+02 -1 -1 -1 -1
130 -1 1.135952e+03 8.269739e+01 1.531938e+02 4.309916e+02 -1 -1 -1 -1
130 -1 7.999276e+02 2.145986e+02 2.465837e+02 6.080773e+02 -1 -1 -1 -1
130 -1 6.562050e+02 1.397568e+02 1.459235e+02 4.144924e+02 -1 -1 -1 -1
130 -1 7.432348e+02 9.480289e+01 9.907734e+01 2.654145e+02 -1 -1 -1 -1
130 -1 8.974702e+02 1.659945e+02 7.845165e+01 1.197571e+02 -1 -1 -1 -1
131 -1 6.097103e+02 1.504810e+02 1.701270e+02 4.051462e+02 -1 -1 -1 -1
131 -1 8.390445e+02 2.189301e+02 2.333615e+02 6.023244e+02 -1 -1 -1 -1
131 -1 1.115088e+03 8.179361e+01 1.246555e+02 4.135615e+02 -1 -1 -1 -1
131 -1 7.343877e+02 9.446466e+01 1.102976e+02 2.683010e+02 -1 -1 -1 -1
131 -1 8.847902e+02 1.632457e+02 7.067253e+01 1.759555e+02 -1 -1 -1 -1
132 -1 5.882350e+02 1.595085e+02 1.679063e+02 4.579099e+02 -1 -1 -1 -1
132 -1 9.581491e+02 2.051756e+02 1.736013e+02 6.305459e+02 -1 -1 -1 -1
132 -1 1.092817e+03 7.358253e+01 1.075303e+02 4.081483e+02 -1 -1 -1 -1
132 -1 8.753032e+02 1.652508e+02 1.181632e+02 2.166798e+02 -1 -1 -1 -1
132 -1 7.352012e+02 9.580840e+01 1.116086e+02 2.766501e+02 -1 -1 -1 -1
133 -1 9.759410e+02 2.189825e+02 2.394818e+02 5.959256e+02 -1 -1 -1 -1
133 -1 5.960823e+02 1.627839e+02 1.605182e+02 4.549058e+02 -1 -1 -1 -1
133 -1 8.733603e+02 1.582862e+02 1.132536e+02 2.238462e+02 -1 -1 -1 -1
133 -1 7.366589e+02 9.766356e+01 1.072746e+02 2.783357e+02 -1 -1 -1 -1
133 -1 1.053493e+03 8.375819e+01 1.048991e+02 1.806001e+02 -1 -1 -1 -1
133 -1 5.768092e+02 2.320307e+02 4.947922e+01 1.993367e+02 -1 -1 -1 -1
134 -1 1.048306e+03 2.039055e+02 2.217902e+02 6.099982e+02 -1 -1 -1 -1
134 -1 5.859322e+02 1.677458e+02 1.768968e+02 4.590544e+02 -1 -1 -1 -1
134 -1 8.722316e+02 1.619846e+02 1.054776e+02 2.205480e+02 -1 -1 -1 -1
134 -1 1.006511e+03 8.088632e+01 1.016535e+02 3.716825e+02 -1 -1 -1 -1
134 -1 7.319546e+02 9.670007e+01 1.125850e+02 2.787232e+02 -1 -1 -1 -1
134 -1 5.755669e+02 2.336905e+02 4.844696e+01 2.129511e+02 -1 -1 -1 -1
135 -1 5.863617e+02 1.716041e+02 1.779749e+02 5.168859e+02 -1 -1 -1 -1
135 -1 1.071230e+03 1.971303e+02 2.776076e+02 6.329770e+02 -1 -1 -1 -1
135 -1 9.735750e+02 7.310694e+01 1.084323e+02 3.836364e+02 -1 -1 -1 -1
135 -1 8.730997e+02 1.602456e+02 1.043814e+02 2.272285e+02 -1 -1 -1 -1
135 -1 7.291481e+02 9.558949e+01 1.151609e+02 2.803076e+02 -1 -1 -1 -1
136 -1 1.120345e+03 1.893678e+02 2.621242e+02 6.144385e+02 -1 -1 -1 -1
136 -1 5.873339e+02 1.714501e+02 1.855091e+02 5.368990e+02 -1 -1 -1 -1
136 -1 9.021885e+02 9.336418e+01 1.780156e+02 3.661095e+02 -1 -1 -1 -1
136 -1 7.299895e+02 9.653777e+01 1.160551e+02 2.803109e+02 -1 -1 -1 -1
136 -1 8.690254e+02 1.648461e+02 8.216160e+01 2.095730e+02 -1 -1 -1 -1
137 -1 1.192430e+03 1.868377e+02 2.039770e+02 5.709458e+02 -1 -1 -1 -1
137 -1 5.909918e+02 1.889612e+02 1.953159e+02 5.388933e+02 -1 -1 -1 -1
137 -1 8.790876e+02 9.211375e+01 1.171953e+02 3.527561e+02 -1 -1 -1 -1
137 -1 7.303656e+02 9.455340e+01 1.143338e+02 2.785438e+02 -1 -1 -1 -1
138 -1 1.211601e+03 1.804896e+02 2.093177e+02 5.620459e+02 -1 -1 -1 -1
138 -1 6.114995e+02 2.093842e+02 1.944473e+02 5.653001e+02 -1 -1 -1 -1
138 -1 8.537180e+02 8.316756e+01 1.050070e+02 3.697580e+02 -1 -1 -1 -1
138 -1 7.301663e+02 9.432356e+01 1.174651e+02 2.763111e+02 -1 -1 -1 -1
139 -1 1.233670e+03 1.729486e+02 2.327820e+02 5.619970e+02 -1 -1 -1 -1
139 -1 6.526127e+02 2.102847e+02 1.805941e+02 5.653308e+02 -1 -1 -1 -1
139 -1 8.047287e+02 8.910532e+01 1.487540e+02 3.709705e+02 -1 -1 -1 -1
139 -1 8.933104e+02 1.640180e+02 8.305172e+01 2.069537e+02 -1 -1 -1 -1
139 -1 7.283306e+02 1.010308e+02 9.740055e+01 2.875815e+02 -1 -1 -1 -1
140 -1 1.261994e+03 1.660262e+02 2.291963e+02 5.197654e+02 -1 -1 -1 -1
140 -1 6.838414e+02 2.202308e+02 2.157349e+02 5.974474e+02 -1 -1 -1 -1
140 -1 8.512158e+02 1.640632e+02 1.253440e+02 2.182775e+02 -1 -1 -1 -1
140 -1 7.331241e+02 7.864001e+01 1.177699e+02 2.642571e+02 -1 -1 -1 -1
141 -1 1.277926e+03 1.565158e+02 2.102566e+02 5.340470e+02 -1 -1 -1 -1
141 -1 7.345896e+02 2.191839e+02 1.841979e+02 5.919882e+02 -1 -1 -1 -1
141 -1 8.617235e+02 1.643705e+02 1.127449e+02 2.120314e+02 -1 -1 -1 -1
141 -1 7.103985e+02 8.627390e+01 1.206307e+02 2.763685e+02 -1 -1 -1 -1
142 -1 1.283146e+03 1.514733e+02 1.884114e+02 5.182962e+02 -1 -1 -1 -1
142 -1 7.785964e+02 2.297291e+02 1.968563e+02 5.868286e+02 -1 -1 -1 -1
142 -1 6.774831e+02 9.104094e+01 1.289956e+02 4.163086e+02 -1 -1 -1 -1
142 -1 8.893242e+02 1.618039e+02 8.554808e+01 1.845638e+02 -1 -1 -1 -1
143 -1 8.093044e+02 2.362013e+02 2.701031e+02 5.880848e+02 -1 -1 -1 -1
143 -1 1.201779e+03 1.400450e+02 2.669669e+02 4.924055e+02 -1 -1 -1 -1
143 -1 6.436296e+02 9.504472e+01 1.332630e+02 4.231594e+02 -1 -1 -1 -1
143 -1 9.187190e+02 1.637654e+02 6.530954e+01 1.367258e+02 -1 -1 -1 -1
143 -1 7.390718e+02 1.019662e+02 7.814415e+01 2.663386e+02 -1 -1 -1 -1
144 -1 1.210070e+03 1.362774e+02 2.308621e+02 5.078365e+02 -1 -1 -1 -1
144 -1 8.149754e+02 2.411852e+02 2.633974e+02 5.796756e+02 -1 -1 -1 -1
144 -1 6.229489e+02 1.011675e+02 1.414966e+02 4.388324e+02 -1 -1 -1 -1
144 -1 7.285767e+02 9.699534e+01 1.009131e+02 2.832084e+02 -1 -1 -1 -1
144 -1 8.599006e+02 2.073114e+02 8.176529e+01 1.636781e+02 -1 -1 -1 -1
144 -1 9.085134e+02 1.678450e+02 5.886572e+01 6.368463e+01 -1 -1 -1 -1
145 -1 1.261951e+03 1.200496e+02 1.526862e+02 4.607233e+02 -1 -1 -1 -1
145 -1 5.966881e+02 1.052709e+02 1.562672e+02 4.598572e+02 -1 -1 -1 -1
145 -1 9.283779e+02 2.333409e+02 2.048965e+02 5.732523e+02 -1 -1 -1 -1
145 -1 7.333080e+02 9.701447e+01 1.136579e+02 2.805244e+02 -1 -1 -1 -1
145 -1 8.544305e+02 1.642412e+02 1.275748e+02 2.105273e+02 -1 -1 -1 -1
146 -1 9.624430e+02 2.249553e+02 2.513917e+02 5.811162e+02 -1 -1 -1 -1
146 -1 1.179959e+03 1.201423e+02 2.006019e+02 4.428245e+02 -1 -1 -1 -1
146 -1 5.644744e+02 1.029834e+02 1.743252e+02 4.709695e+02 -1 -1 -1 -1
146 -1 8.543008e+02 1.612799e+02 1.204944e+02 2.194280e+02 -1 -1 -1 -1
146 -1 7.331188e+02 9.632405e+01 1.203408e+02 2.807145e+02 -1 -1 -1 -1
147 -1 9.876560e+02 2.343475e+02 2.233887e+02 5.749034e+02 -1 -1 -1 -1
147 -1 1.166927e+03 1.195330e+02 1.830132e+02 4.439112e+02 -1 -1 -1 -1
147 -1 5.365595e+02 1.114297e+02 1.902303e+02 4.902151e+02 -1 -1 -1 -1
147 -1 8.533737e+02 1.584366e+02 1.205091e+02 2.231349e+02 -1 -1 -1 -1
147 -1 7.331986e+02 9.571416e+01 1.302196e+02 2.827548e+02 -1 -1 -1 -1
148 -1 9.977612e+02 2.083784e+02 3.740140e+02 5.966650e+02 -1 -1 -1 -1
148 -1 5.360832e+02 1.197220e+02 1.820641e+02 5.140100e+02 -1 -1 -1 -1
148 -1 7.328089e+02 9.297022e+01 1.301416e+02 2.843790e+02 -1 -1 -1 -1
148 -1 8.535853e+02 1.609831e+02 1.210951e+02 2.207520e+02 -1 -1 -1 -1
148 -1 1.198658e+03 1.040789e+02 9.929535e+01 3.055971e+02 -1 -1 -1 -1
149 -1 1.030130e+03 2.122515e+02 3.576249e+02 5.953407e+02 -1 -1 -1 -1
149 -1 5.279666e+02 1.223545e+02 2.034579e+02 5.131835e+02 -1 -1 -1 -1
149 -1 7.325375e+02 9.292916e+01 1.326860e+02 2.844109e+02 -1 -1 -1 -1
149 -1 8.525868e+02 1.607675e+02 1.197483e+02 2.261141e+02 -1 -1 -1 -1
149 -1 1.106554e+03 1.021527e+02 1.766187e+02 2.574456e+02 -1 -1 -1 -1
150 -1 1.137740e+03 2.093064e+02 1.987896e+02 5.888996e+02 -1 -1 -1 -1
150 -1 5.148652e+02 1.322906e+02 2.224025e+02 5.601137e+02 -1 -1 -1 -1
150 -1 7.322438e+02 9.627926e+01 1.167511e+02 2.838695e+02 -1 -1 -1 -1
150 -1 8.613298e+02 1.633606e+02 1.148867e+02 2.216243e+02 -1 -1 -1 -1
150 -1 1.119584e+03 1.048801e+02 1.334097e+02 2.665403e+02 -1 -1 -1 -1
151 -1 4.976931e+02 1.354365e+02 2.322804e+02 5.818223e+02 -1 -1 -1 -1
151 -1 1.196544e+03 1.941449e+02 1.542947e+02 5.409315e+02 -1 -1 -1 -1
151 -1 1.119997e+03 1.019170e+02 1.149614e+02 3.763346e+02 -1 -1 -1 -1
151 -1 8.600352e+02 1.622821e+02 1.133069e+02 2.289572e+02 -1 -1 -1 -1
151 -1 7.300563e+02 9.994786e+01 1.120120e+02 2.802422e+02 -1 -1 -1 -1
152 -1 4.750109e+02 1.449191e+02 2.617757e+02 5.816035e+02 -1 -1 -1 -1
152 -1 1.211718e+03 1.886414e+02 1.714478e+02 5.429952e+02 -1 -1 -1 -1
152 -1 1.054861e+03 1.043385e+02 1.473814e+02 3.711655e+02 -1 -1 -1 -1
152 -1 7.252398e+02 9.592863e+01 1.224519e+02 2.806484e+02 -1 -1 -1 -1
152 -1 8.589795e+02 1.681942e+02 1.135642e+02 2.188850e+02 -1 -1 -1 -1
153 -1 4.958679e+02 1.550223e+02 2.483406e+02 6.415191e+02 -1 -1 -1 -1
153 -1 1.221553e+03 1.763913e+02 1.879740e+02 5.205432e+02 -1 -1 -1 -1
153 -1 1.043072e+03 1.104337e+02 1.399189e+02 3.545532e+02 -1 -1 -1 -1
153 -1 7.247988e+02 9.770606e+01 1.242729e+02 2.784201e+02 -1 -1 -1 -1
153 -1 8.582009e+02 1.688830e+02 1.169774e+02 2.194131e+02 -1 -1 -1 -1
154 -1 1.173106e+03 1.662999e+02 2.557558e+02 4.900632e+02 -1 -1 -1 -1
154 -1 5.176895e+02 1.668953e+02 2.477319e+02 6.574393e+02 -1 -1 -1 -1
154 -1 1.036039e+03 1.231765e+02 1.181754e+02 3.280599e+02 -1 -1 -1 -1
154 -1 7.246828e+02 9.782628e+01 1.279861e+02 2.821102e+02 -1 -1 -1 -1
154 -1 8.596913e+02 1.660659e+02 1.184229e+02 2.238606e+02 -1 -1 -1 -1
155 -1 1.193527e+03 1.607513e+02 2.303929e+02 4.983106e+02 -1 -1 -1 -1
155 -1 5.358508e+02 1.755977e+02 2.814371e+02 6.694565e+02 -1 -1 -1 -1
155 -1 1.005779e+03 1.367470e+02 1.000472e+02 3.099494e+02 -1 -1 -1 -1
155 -1 8.615093e+02 1.609323e+02 1.141316e+02 2.251623e+02 -1 -1 -1 -1
155 -1 7.237259e+02 9.987297e+01 1.322361e+02 2.674496e+02 -1 -1 -1 -1
156 -1 5.940748e+02 1.894196e+02 3.679579e+02 6.878273e+02 -1 -1 -1 -1
156 -1 9.527335e+02 1.339227e+02 1.463068e+02 3.102322e+02 -1 -1 -1 -1
156 -1 1.257190e+03 1.515109e+02 1.531428e+02 4.560857e+02 -1 -1 -1 -1
156 -1 8.570206e+02 1.606228e+02 1.148274e+02 2.278989e+02 -1 -1 -1 -1
156 -1 7.305763e+02 9.929143e+01 9.266876e+01 1.434362e+02 -1 -1 -1 -1
157 -1 6.506778e+02 1.993549e+02 3.473878e+02 6.852127e+02 -1 -1 -1 -1
157 -1 1.256349e+03 1.419337e+02 1.440363e+02 4.481238e+02 -1 -1 -1 -1
157 -1 9.412640e+02 1.189314e+02 1.203614e+02 3.271003e+02 -1 -1 -1 -1
157 -1 8.577117e+02 1.650939e+02 1.068482e+02 2.131228e+02 -1 -1 -1 -1
157 -1 7.319800e+02 1.010536e+02 9.144711e+01 1.744140e+02 -1 -1 -1 -1
157 -1 8.679857e+02 1.415859e+02 1.229688e+02 2.621128e+02 -1 -1 -1 -1
158 -1 7.696624e+02 2.129018e+02 2.498948e+02 6.861806e+02 -1 -1 -1 -1
158 -1 1.243132e+03 1.436586e+02 1.408385e+02 4.378877e+02 -1 -1 -1 -1
158 -1 7.297860e+02 1.008622e+02 1.077676e+02 2.707696e+02 -1 -1 -1 -1
158 -1 9.134830e+02 1.078338e+02 1.140298e+02 3.217523e+02 -1 -1 -1 -1
159 -1 1.178227e+03 1.284646e+02 1.642330e+02 4.178383e+02 -1 -1 -1 -1
159 -1 8.896631e+02 1.866438e+02 3.249371e+02 7.030858e+02 -1 -1 -1 -1
159 -1 7.258094e+02 1.010489e+02 1.191320e+02 2.779238e+02 -1 -1 -1 -1
159 -1 8.476345e+02 1.163947e+02 1.087222e+02 2.728396e+02 -1 -1 -1 -1
160 -1 8.969573e+02 2.077013e+02 3.625461e+02 6.882321e+02 -1 -1 -1 -1
160 -1 1.171388e+03 1.294888e+02 1.437472e+02 4.112913e+02 -1 -1 -1 -1
160 -1 8.233094e+02 1.115626e+02 1.247930e+02 3.611744e+02 -1 -1 -1 -1
160 -1 7.242692e+02 9.942995e+01 1.169721e+02 2.762379e+02 -1 -1 -1 -1
160 -1 9.165166e+02 1.629101e+02 6.684654e+01 2.024787e+02 -1 -1 -1 -1
161 -1 1.022890e+03 1.850637e+02 2.069531e+02 6.795416e+02 -1 -1 -1 -1
161 -1 7.788016e+02 1.132170e+02 1.457980e+02 3.614960e+02 -1 -1 -1 -1
161 -1 1.192433e+03 1.371663e+02 9.451126e+01 3.919762e+02 -1 -1 -1 -1
161 -1 7.289771e+02 1.013893e+02 9.264748e+01 2.742901e+02 -1 -1 -1 -1
161 -1 8.994981e+02 1.595723e+02 7.660120e+01 2.102969e+02 -1 -1 -1 -1
162 -1 1.096242e+03 1.575982e+02 2.276807e+02 7.007461e+02 -1 -1 -1 -1
162 -1 7.505871e+02 1.060271e+02 1.640017e+02 3.768860e+02 -1 -1 -1 -1
162 -1 8.710344e+02 1.596171e+02 1.064505e+02 2.208781e+02 -1 -1 -1 -1
162 -1 7.273518e+02 1.041644e+02 4.974781e+01 2.743187e+02 -1 -1 -1 -1
162 -1 1.155875e+03 1.209338e+02 7.687363e+01 1.442693e+02 -1 -1 -1 -1
163 -1 1.106616e+03 1.777427e+02 2.556892e+02 6.748606e+02 -1 -1 -1 -1
163 -1 7.104767e+02 1.095187e+02 1.336914e+02 3.918960e+02 -1 -1 -1 -1
163 -1 1.083235e+03 1.246048e+02 1.454050e+02 3.443362e+02 -1 -1 -1 -1
163 -1 8.550129e+02 1.615196e+02 1.195524e+02 2.249027e+02 -1 -1 -1 -1
164 -1 1.194050e+03 1.587599e+02 2.756049e+02 6.410086e+02 -1 -1 -1 -1
164 -1 1.053028e+03 1.222762e+02 1.646567e+02 3.746099e+02 -1 -1 -1 -1
164 -1 6.314327e+02 1.085281e+02 2.091958e+02 4.216825e+02 -1 -1 -1 -1
164 -1 8.603883e+02 1.662589e+02 1.123644e+02 2.159288e+02 -1 -1 -1 -1
164 -1 7.496932e+02 1.016104e+02 7.311493e+01 1.051477e+02 -1 -1 -1 -1
165 -1 1.250994e+03 1.463496e+02 2.663612e+02 6.586263e+02 -1 -1 -1 -1
165 -1 6.665033e+02 1.114968e+02 1.492138e+02 4.188625e+02 -1 -1 -1 -1
165 -1 1.032592e+03 1.214215e+02 1.126321e+02 3.409980e+02 -1 -1 -1 -1
165 -1 8.631301e+02 1.683715e+02 1.131621e+02 2.140281e+02 -1 -1 -1 -1
165 -1 7.424904e+02 9.846340e+01 8.537876e+01 2.409127e+02 -1 -1 -1 -1
165 -1 7.106379e+02 9.977381e+01 1.255428e+02 3.581260e+02 -1 -1 -1 -1
166 -1 1.264068e+03 1.387739e+02 2.643883e+02 6.513054e+02 -1 -1 -1 -1
166 -1 9.788678e+02 1.129108e+02 1.198654e+02 3.425114e+02 -1 -1 -1 -1
166 -1 6.183845e+02 1.193321e+02 2.305067e+02 4.259529e+02 -1 -1 -1 -1
166 -1 8.577413e+02 1.677609e+02 1.110999e+02 2.206854e+02 -1 -1 -1 -1
166 -1 7.334246e+02 9.305803e+01 9.742435e+01 2.110950e+02 -1 -1 -1 -1
166 -1 7.244257e+02 9.691421e+01 1.242769e+02 3.335947e+02 -1 -1 -1 -1
167 -1 1.298960e+03 1.251686e+02 2.233889e+02 5.804414e+02 -1 -1 -1 -1
167 -1 5.922883e+02 1.269553e+02 2.444017e+02 4.433471e+02 -1 -1 -1 -1
167 -1 9.717422e+02 1.175766e+02 1.070988e+02 3.367565e+02 -1 -1 -1 -1
167 -1 8.602496e+02 1.656251e+02 1.117039e+02 2.213761e+02 -1 -1 -1 -1
167 -1 7.275945e+02 9.539688e+01 1.075890e+02 2.638818e+02 -1 -1 -1 -1
168 -1 1.293258e+03 1.207877e+02 2.265372e+02 5.808030e+02 -1 -1 -1 -1
168 -1 6.064759e+02 1.332477e+02 1.758062e+02 4.423300e+02 -1 -1 -1 -1
168 -1 9.202599e+02 1.143046e+02 1.173873e+02 3.390912e+02 -1 -1 -1 -1
168 -1 7.286228e+02 9.768126e+01 1.211090e+02 2.672815e+02 -1 -1 -1 -1
168 -1 8.780751e+02 1.295003e+02 1.328844e+02 2.958094e+02 -1 -1 -1 -1
168 -1 8.563062e+02 1.902512e+02 1.146621e+02 1.920965e+02 -1 -1 -1 -1
169 -1 1.289370e+03 1.093919e+02 2.074274e+02 5.600994e+02 -1 -1 -1 -1
169 -1 5.926156e+02 1.396528e+02 1.924376e+02 4.534147e+02 -1 -1 -1 -1
169 -1 8.844496e+02 1.152475e+02 1.300236e+02 3.564645e+02 -1 -1 -1 -1
169 -1 7.318231e+02 9.797202e+01 1.219213e+02 2.666870e+02 -1 -1 -1 -1
170 -1 5.920148e+02 1.456714e+02 1.862733e+02 4.637214e+02 -1 -1 -1 -1
170 -1 1.275632e+03 9.952736e+01 2.098254e+02 5.115625e+02 -1 -1 -1 -1
170 -1 8.623561e+02 1.260428e+02 1.275199e+02 3.385805e+02 -1 -1 -1 -1
170 -1 7.308255e+02 9.722572e+01 1.284867e+02 2.715701e+02 -1 -1 -1 -1
171 -1 1.252192e+03 1.032516e+02 1.891747e+02 5.104594e+02 -1 -1 -1 -1
171 -1 5.808345e+02 1.557598e+02 1.817466e+02 4.870265e+02 -1 -1 -1 -1
171 -1 7.287418e+02 9.956038e+01 1.299268e+02 2.726307e+02 -1 -1 -1 -1
171 -1 8.465031e+02 1.236317e+02 1.113284e+02 3.388138e+02 -1 -1 -1 -1
171 -1 9.270861e+02 1.617065e+02 5.669701e+01 1.733932e+02 -1 -1 -1 -1
171 -1 9.131859e+02 1.623377e+02 5.627312e+01 1.781442e+02 -1 -1 -1 -1
172 -1 5.932942e+02 1.687150e+02 1.887732e+02 5.092388e+02 -1 -1 -1 -1
172 -1 1.238787e+03 9.754717e+01 1.602667e+02 4.776445e+02 -1 -1 -1 -1
172 -1 8.078853e+02 1.272508e+02 1.391365e+02 3.592211e+02 -1 -1 -1 -1
172 -1 8.954915e+02 1.607223e+02 8.502983e+01 2.163765e+02 -1 -1 -1 -1
172 -1 7.312257e+02 9.802467e+01 9.154415e+01 2.468837e+02 -1 -1 -1 -1
172 -1 8.820061e+02 1.616974e+02 6.394135e+01 2.139342e+02 -1 -1 -1 -1
173 -1 1.202931e+03 8.829434e+01 1.584933e+02 4.502558e+02 -1 -1 -1 -1
173 -1 5.815191e+02 1.741100e+02 2.685221e+02 5.468860e+02 -1 -1 -1 -1
173 -1 8.756644e+02 1.669972e+02 1.024606e+02 2.155871e+02 -1 -1 -1 -1
173 -1 7.784498e+02 1.227752e+02 1.123737e+02 3.543420e+02 -1 -1 -1 -1
173 -1 7.320717e+02 9.882202e+01 7.669487e+01 2.045257e+02 -1 -1 -1 -1
174 -1 1.170933e+03 8.711292e+01 1.648084e+02 4.499059e+02 -1 -1 -1 -1
174 -1 5.922091e+02 1.866427e+02 2.473670e+02 6.110299e+02 -1 -1 -1 -1
174 -1 7.569641e+02 1.255254e+02 1.052230e+02 3.663319e+02 -1 -1 -1 -1
174 -1 8.643052e+02 1.632398e+02 1.141786e+02 2.237291e+02 -1 -1 -1 -1
174 -1 7.352292e+02 1.010797e+02 4.695717e+01 1.378957e+02 -1 -1 -1 -1
175 -1 6.376736e+02 1.967797e+02 2.271653e+02 5.958730e+02 -1 -1 -1 -1
175 -1 1.150562e+03 8.035063e+01 1.395818e+02 4.205535e+02 -1 -1 -1 -1
175 -1 8.578902e+02 1.637769e+02 1.218878e+02 2.235650e+02 -1 -1 -1 -1
175 -1 7.335922e+02 1.033644e+02 1.163182e+02 2.776386e+02 -1 -1 -1 -1
176 -1 1.089012e+03 7.349245e+01 1.533991e+02 4.141688e+02 -1 -1 -1 -1
176 -1 7.019351e+02 2.135675e+02 2.117641e+02 6.099867e+02 -1 -1 -1 -1
176 -1 8.574523e+02 1.641867e+02 1.211814e+02 2.224218e+02 -1 -1 -1 -1
176 -1 6.462458e+02 1.288946e+02 1.275520e+02 2.502067e+02 -1 -1 -1 -1
176 -1 7.336129e+02 9.892525e+01 8.236301e+01 1.227079e+02 -1 -1 -1 -1
177 -1 1.048626e+03 7.105649e+01 1.694094e+02 4.028662e+02 -1 -1 -1 -1
177 -1 7.558876e+02 2.190822e+02 2.378596e+02 6.277145e+02 -1 -1 -1 -1
177 -1 6.217905e+02 1.429052e+02 1.686942e+02 4.372064e+02 -1 -1 -1 -1
177 -1 8.810398e+02 1.625182e+02 9.690113e+01 2.189970e+02 -1 -1 -1 -1
177 -1 7.339219e+02 9.813644e+01 8.274536e+01 1.549822e+02 -1 -1 -1 -1
178 -1 8.145715e+02 2.257772e+02 2.489441e+02 6.300450e+02 -1 -1 -1 -1
178 -1 1.039815e+03 9.302222e+01 1.464743e+02 3.624675e+02 -1 -1 -1 -1
178 -1 6.129372e+02 1.513002e+02 1.417390e+02 4.213260e+02 -1 -1 -1 -1
178 -1 7.281741e+02 9.909167e+01 1.124336e+02 2.741931e+02 -1 -1 -1 -1
178 -1 9.154863e+02 1.636442e+02 6.225775e+01 1.455653e+02 -1 -1 -1 -1
179 -1 5.962790e+02 1.548705e+02 1.459709e+02 4.501806e+02 -1 -1 -1 -1
179 -1 8.503491e+02 2.247133e+02 2.064807e+02 6.471299e+02 -1 -1 -1 -1
179 -1 7.294972e+02 9.896927e+01 1.218317e+02 2.825611e+02 -1 -1 -1 -1
179 -1 1.000209e+03 7.342931e+01 1.063277e+02 3.805784e+02 -1 -1 -1 -1
179 -1 8.584750e+02 1.621719e+02 1.021406e+02 2.066264e+02 -1 -1 -1 -1
180 -1 5.769641e+02 1.653359e+02 1.520021e+02 4.873036e+02 -1 -1 -1 -1
180 -1 9.233129e+02 2.184014e+02 2.532790e+02 6.350309e+02 -1 -1 -1 -1
180 -1 7.229541e+02 9.757015e+01 1.203833e+02 2.837275e+02 -1 -1 -1 -1
180 -1 8.599289e+02 1.626046e+02 1.203347e+02 2.206256e+02 -1 -1 -1 -1
180 -1 9.552994e+02 8.562101e+01 9.840197e+01 2.692671e+02 -1 -1 -1 -1
181 -1 9.468243e+02 2.181146e+02 2.817531e+02 6.437050e+02 -1 -1 -1 -1
181 -1 5.649199e+02 1.713824e+02 1.858907e+02 4.800887e+02 -1 -1 -1 -1
181 -1 7.231860e+02 9.712809e+01 1.224980e+02 2.812503e+02 -1 -1 -1 -1
181 -1 9.041540e+02 1.051115e+02 1.286954e+02 3.335201e+02 -1 -1 -1 -1
181 -1 8.647380e+02 1.588722e+02 8.973415e+01 2.138903e+02 -1 -1 -1 -1
182 -1 5.563123e+02 1.795379e+02 1.949729e+02 5.082305e+02 -1 -1 -1 -1
182 -1 1.080844e+03 1.937634e+02 1.980320e+02 6.267447e+02 -1 -1 -1 -1
182 -1 8.681870e+02 8.401247e+01 1.165608e+02 3.698101e+02 -1 -1 -1 -1
182 -1 7.264973e+02 9.848807e+01 1.131501e+02 2.781470e+02 -1 -1 -1 -1
183 -1 1.100406e+03 2.087005e+02 2.695113e+02 5.932009e+02 -1 -1 -1 -1
183 -1 8.171078e+02 9.588907e+01 1.670360e+02 3.686666e+02 -1 -1 -1 -1
183 -1 5.651483e+02 1.902532e+02 1.758802e+02 5.369539e+02 -1 -1 -1 -1
183 -1 7.271647e+02 9.727577e+01 1.105524e+02 2.794494e+02 -1 -1 -1 -1
184 -1 1.152697e+03 1.826188e+02 2.996841e+02 6.039430e+02 -1 -1 -1 -1
184 -1 5.770759e+02 1.883769e+02 1.916566e+02 5.335477e+02 -1 -1 -1 -1
184 -1 8.016998e+02 8.618490e+01 1.189553e+02 3.827977e+02 -1 -1 -1 -1
184 -1 7.301395e+02 1.030695e+02 8.597145e+01 2.740114e+02 -1 -1 -1 -1
184 -1 8.914251e+02 1.604042e+02 8.548382e+01 2.149827e+02 -1 -1 -1 -1
184 -1 8.255158e+02 1.407478e+02 1.230249e+02 3.040810e+02 -1 -1 -1 -1
185 -1 1.135087e+03 1.741843e+02 4.309902e+02 6.223203e+02 -1 -1 -1 -1
185 -1 5.921507e+02 2.193350e+02 2.406988e+02 6.097715e+02 -1 -1 -1 -1
185 -1 7.382992e+02 9.718106e+01 1.447321e+02 3.739964e+02 -1 -1 -1 -1
185 -1 8.716251e+02 1.644365e+02 1.087269e+02 2.167954e+02 -1 -1 -1 -1
186 -1 1.267346e+03 1.749218e+02 2.262513e+02 6.071545e+02 -1 -1 -1 -1
186 -1 6.153009e+02 2.273140e+02 2.295720e+02 6.002590e+02 -1 -1 -1 -1
186 -1 8.625680e+02 1.621188e+02 1.162355e+02 2.216283e+02 -1 -1 -1 -1
186 -1 7.183888e+02 8.764762e+01 1.552669e+02 3.900616e+02 -1 -1 -1 -1
187 -1 1.224809e+03 1.499580e+02 2.749736e+02 5.568371e+02 -1 -1 -1 -1
187 -1 6.777371e+02 2.318658e+02 2.168852e+02 5.917744e+02 -1 -1 -1 -1
187 -1 8.619941e+02 1.633122e+02 1.185103e+02 2.208391e+02 -1 -1 -1 -1
187 -1 6.441419e+02 9.360421e+01 1.693667e+02 2.498353e+02 -1 -1 -1 -1
188 -1 1.217448e+03 1.554655e+02 2.803271e+02 5.618325e+02 -1 -1 -1 -1
188 -1 7.242586e+02 2.515675e+02 3.009843e+02 6.034270e+02 -1 -1 -1 -1
188 -1 6.225597e+02 1.052996e+02 1.563987e+02 4.526687e+02 -1 -1 -1 -1
188 -1 8.767994e+02 1.644815e+02 1.051408e+02 2.142793e+02 -1 -1 -1 -1
188 -1 7.307843e+02 9.354094e+01 9.298965e+01 1.842390e+02 -1 -1 -1 -1
189 -1 7.895068e+02 2.510647e+02 2.337616e+02 5.935851e+02 -1 -1 -1 -1
189 -1 1.276697e+03 1.267681e+02 1.783392e+02 5.108525e+02 -1 -1 -1 -1
189 -1 5.908491e+02 1.045758e+02 1.674461e+02 4.709050e+02 -1 -1 -1 -1
189 -1 7.297826e+02 9.626649e+01 1.040706e+02 2.758604e+02 -1 -1 -1 -1
189 -1 9.011594e+02 1.669147e+02 7.390057e+01 1.185224e+02 -1 -1 -1 -1
190 -1 1.201236e+03 1.294166e+02 2.232598e+02 5.012910e+02 -1 -1 -1 -1
190 -1 5.792718e+02 1.110242e+02 1.714698e+02 4.645537e+02 -1 -1 -1 -1
190 -1 9.069744e+02 2.447557e+02 1.802868e+02 6.222111e+02 -1 -1 -1 -1
190 -1 7.308125e+02 1.019053e+02 9.704258e+01 2.824645e+02 -1 -1 -1 -1
190 -1 8.621385e+02 1.648028e+02 1.124125e+02 2.124548e+02 -1 -1 -1 -1
191 -1 9.306350e+02 2.635738e+02 2.887706e+02 5.924966e+02 -1 -1 -1 -1
191 -1 1.227238e+03 1.251169e+02 1.495773e+02 4.568983e+02 -1 -1 -1 -1
191 -1 5.582872e+02 1.221138e+02 1.644431e+02 5.235321e+02 -1 -1 -1 -1
191 -1 8.644241e+02 1.641426e+02 1.180676e+02 2.200933e+02 -1 -1 -1 -1
191 -1 7.325238e+02 9.708535e+01 1.031789e+02 2.813211e+02 -1 -1 -1 -1
192 -1 1.006525e+03 2.570685e+02 2.419601e+02 5.891455e+02 -1 -1 -1 -1
192 -1 5.282077e+02 1.232032e+02 1.926357e+02 5.397854e+02 -1 -1 -1 -1
192 -1 1.185918e+03 1.142629e+02 1.657121e+02 4.485378e+02 -1 -1 -1 -1
192 -1 8.638925e+02 1.626226e+02 1.174711e+02 2.203742e+02 -1 -1 -1 -1
192 -1 7.329024e+02 9.374930e+01 1.018126e+02 2.842411e+02 -1 -1 -1 -1
193 -1 1.083770e+03 2.500297e+02 2.589290e+02 5.936206e+02 -1 -1 -1 -1
193 -1 4.881366e+02 1.224441e+02 2.481821e+02 5.593589e+02 -1 -1 -1 -1
193 -1 8.636634e+02 1.630096e+02 1.179359e+02 2.204831e+02 -1 -1 -1 -1
193 -1 7.321173e+02 9.346111e+01 9.890865e+01 2.845898e+02 -1 -1 -1 -1
193 -1 1.212540e+03 1.155646e+02 1.034988e+02 2.661144e+02 -1 -1 -1 -1
194 -1 1.118305e+03 2.375838e+02 2.518414e+02 6.248927e+02 -1 -1 -1 -1
194 -1 4.970490e+02 1.411431e+02 2.304960e+02 6.016477e+02 -1 -1 -1 -1
194 -1 8.645140e+02 1.623289e+02 1.176977e+02 2.203035e+02 -1 -1 -1 -1
194 -1 7.318211e+02 9.140346e+01 9.986057e+01 2.875023e+02 -1 -1 -1 -1
194 -1 1.161766e+03 1.102708e+02 1.188824e+02 2.665023e+02 -1 -1 -1 -1
195 -1 5.117522e+02 1.491778e+02 2.253352e+02 6.168612e+02 -1 -1 -1 -1
195 -1 1.193511e+03 2.135477e+02 1.968963e+02 5.987730e+02 -1 -1 -1 -1
195 -1 1.117377e+03 1.068935e+02 1.382174e+02 4.089494e+02 -1 -1 -1 -1
195 -1 8.644393e+02 1.609907e+02 1.165432e+02 2.228511e+02 -1 -1 -1 -1
195 -1 7.314489e+02 9.353094e+01 9.197788e+01 2.868070e+02 -1 -1 -1 -1
196 -1 5.134138e+02 1.588920e+02 2.788987e+02 6.896642e+02 -1 -1 -1 -1
196 -1 1.224875e+03 2.062813e+02 2.044849e+02 5.705760e+02 -1 -1 -1 -1
196 -1 1.101685e+03 1.137468e+02 1.229615e+02 3.788211e+02 -1 -1 -1 -1
196 -1 8.642507e+02 1.618994e+02 1.162184e+02 2.221076e+02 -1 -1 -1 -1
196 -1 7.301731e+02 9.534014e+01 9.440060e+01 2.711938e+02 -1 -1 -1 -1
197 -1 5.496137e+02 1.826135e+02 2.752723e+02 7.217994e+02 -1 -1 -1 -1
197 -1 1.251796e+03 1.888855e+02 2.093621e+02 5.657628e+02 -1 -1 -1 -1
197 -1 1.078904e+03 1.070505e+02 9.915710e+01 3.741474e+02 -1 -1 -1 -1
197 -1 8.637268e+02 1.624859e+02 1.174245e+02 2.214241e+02 -1 -1 -1 -1
197 -1 7.280632e+02 9.612301e+01 9.894722e+01 2.578364e+02 -1 -1 -1 -1
198 -1 1.039238e+03 1.195337e+02 1.224564e+02 3.558223e+02 -1 -1 -1 -1
198 -1 5.939956e+02 1.715397e+02 2.524099e+02 7.135886e+02 -1 -1 -1 -1
198 -1 1.280586e+03 1.792025e+02 2.034542e+02 5.271666e+02 -1 -1 -1 -1
198 -1 8.645516e+02 1.633671e+02 1.168316e+02 2.200592e+02 -1 -1 -1 -1
198 -1 7.311184e+02 1.010856e+02 1.002799e+02 2.531925e+02 -1 -1 -1 -1
199 -1 6.867474e+02 1.862238e+02 3.108597e+02 6.967781e+02 -1 -1 -1 -1
199 -1 1.289019e+03 1.774230e+02 1.866930e+02 5.362341e+02 -1 -1 -1 -1
199 -1 9.945195e+02 1.027127e+02 1.108459e+02 3.458649e+02 -1 -1 -1 -1
199 -1 8.576279e+02 1.666696e+02 1.213947e+02 2.170910e+02 -1 -1 -1 -1
199 -1 7.318637e+02 9.940959e+01 8.781807e+01 1.392195e+02 -1 -1 -1 -1
200 -1 7.450401e+02 2.139841e+02 3.034281e+02 6.770285e+02 -1 -1 -1 -1
200 -1 1.267110e+03 1.567646e+02 1.877568e+02 4.883397e+02 -1 -1 -1 -1
200 -1 9.345085e+02 1.023592e+02 1.519547e+02 3.609145e+02 -1 -1 -1 -1
200 -1 7.316732e+02 9.528693e+01 8.686134e+01 2.803182e+02 -1 -1 -1 -1
201 -1 8.110417e+02 2.063369e+02 2.581973e+02 6.850299e+02 -1 -1 -1 -1
201 -1 1.253221e+03 1.574484e+02 1.856456e+02 4.716140e+02 -1 -1 -1 -1
201 -1 7.327681e+02 9.364778e+01 9.977245e+01 2.832267e+02 -1 -1 -1 -1
201 -1 9.387928e+02 1.041211e+02 8.657244e+01 1.443626e+02 -1 -1 -1 -1
201 -1 9.479066e+02 1.893290e+02 1.190524e+02 2.529683e+02 -1 -1 -1 -1
201 -1 9.693688e+02 2.481633e+02 9.877876e+01 1.863290e+02 -1 -1 -1 -1
202 -1 1.249044e+03 1.518083e+02 1.646878e+02 4.704470e+02 -1 -1 -1 -1
202 -1 8.931041e+02 1.735938e+02 2.600958e+02 7.233937e+02 -1 -1 -1 -1
202 -1 8.616439e+02 1.057668e+02 1.199015e+02 2.789507e+02 -1 -1 -1 -1
202 -1 7.324393e+02 9.811784e+01 1.015575e+02 2.800234e+02 -1 -1 -1 -1
203 -1 9.434502e+02 2.167700e+02 3.111221e+02 6.738374e+02 -1 -1 -1 -1
203 -1 1.232857e+03 1.358452e+02 1.439335e+02 4.271372e+02 -1 -1 -1 -1
203 -1 8.202874e+02 1.179324e+02 1.579001e+02 3.428192e+02 -1 -1 -1 -1
203 -1 7.311454e+02 1.008648e+02 8.986588e+01 2.748500e+02 -1 -1 -1 -1
203 -1 9.186534e+02 1.640060e+02 6.627531e+01 2.005350e+02 -1 -1 -1 -1
204 -1 9.970553e+02 1.990103e+02 3.186939e+02 6.832201e+02 -1 -1 -1 -1
204 -1 7.870301e+02 1.050423e+02 1.477646e+02 3.679580e+02 -1 -1 -1 -1
204 -1 1.220482e+03 1.358879e+02 1.358961e+02 4.145722e+02 -1 -1 -1 -1
204 -1 7.279080e+02 1.079946e+02 7.515713e+01 2.804161e+02 -1 -1 -1 -1
204 -1 8.924792e+02 1.655375e+02 8.704617e+01 2.089664e+02 -1 -1 -1 -1
205 -1 1.090230e+03 1.973871e+02 2.696748e+02 6.873929e+02 -1 -1 -1 -1
205 -1 7.395213e+02 1.033446e+02 1.718374e+02 3.896784e+02 -1 -1 -1 -1
205 -1 8.938566e+02 1.666981e+02 8.800072e+01 2.111668e+02 -1 -1 -1 -1
205 -1 7.245376e+02 1.003680e+02 5.525505e+01 2.571915e+02 -1 -1 -1 -1
206 -1 1.132323e+03 1.947049e+02 2.471416e+02 6.980366e+02 -1 -1 -1 -1
206 -1 7.172782e+02 1.094418e+02 1.424881e+02 4.027229e+02 -1 -1 -1 -1
206 -1 8.647939e+02 1.628671e+02 1.160492e+02 2.236590e+02 -1 -1 -1 -1
206 -1 1.180058e+03 1.225929e+02 9.830200e+01 1.939342e+02 -1 -1 -1 -1
207 -1 1.144718e+03 1.772910e+02 2.791935e+02 6.981420e+02 -1 -1 -1 -1
207 -1 6.658442e+02 1.089950e+02 1.598732e+02 4.012442e+02 -1 -1 -1 -1
207 -1 8.721313e+02 1.613143e+02 1.140642e+02 2.271327e+02 -1 -1 -1 -1
207 -1 1.128680e+03 1.253542e+02 1.316533e+02 3.702638e+02 -1 -1 -1 -1
207 -1 7.362688e+02 9.338068e+01 7.795647e+01 1.268332e+02 -1 -1 -1 -1
208 -1 1.250042e+03 1.655219e+02 2.334029e+02 6.659998e+02 -1 -1 -1 -1
208 -1 6.238808e+02 1.311480e+02 1.770876e+02 4.190857e+02 -1 -1 -1 -1
208 -1 8.761129e+02 1.608822e+02 1.173655e+02 2.249263e+02 -1 -1 -1 -1
208 -1 1.114944e+03 1.163669e+02 9.324394e+01 3.672393e+02 -1 -1 -1 -1
208 -1 7.239276e+02 9.682130e+01 1.089544e+02 2.590267e+02 -1 -1 -1 -1
209 -1 1.270151e+03 1.568884e+02 2.397830e+02 6.599594e+02 -1 -1 -1 -1
209 -1 5.992326e+02 1.243272e+02 1.679146e+02 4.282815e+02 -1 -1 -1 -1
209 -1 1.042938e+03 1.190274e+02 1.371149e+02 3.429941e+02 -1 -1 -1 -1
209 -1 8.756541e+02 1.614238e+02 1.179833e+02 2.237440e+02 -1 -1 -1 -1
209 -1 7.307948e+02 9.488363e+01 1.130682e+02 2.811928e+02 -1 -1 -1 -1
210 -1 1.290962e+03 1.673863e+02 2.421943e+02 6.356784e+02 -1 -1 -1 -1
210 -1 5.732796e+02 1.299614e+02 2.096775e+02 4.440636e+02 -1 -1 -1 -1
210 -1 1.009231e+03 1.273704e+02 1.755389e+02 3.422309e+02 -1 -1 -1 -1
210 -1 8.777400e+02 1.616451e+02 1.178268e+02 2.207431e+02 -1 -1 -1 -1
210 -1 7.306796e+02 9.679091e+01 1.135391e+02 2.616694e+02 -1 -1 -1 -1
211 -1 1.293605e+03 1.566577e+02 2.765485e+02 6.378423e+02 -1 -1 -1 -1
211 -1 5.699696e+02 1.354253e+02 2.146122e+02 4.645390e+02 -1 -1 -1 -1
211 -1 1.012763e+03 1.263503e+02 1.199078e+02 3.309912e+02 -1 -1 -1 -1
211 -1 8.762612e+02 1.607128e+02 1.208022e+02 2.241627e+02 -1 -1 -1 -1
211 -1 7.316434e+02 9.787653e+01 1.198671e+02 2.689936e+02 -1 -1 -1 -1
212 -1 1.319970e+03 1.460556e+02 2.813878e+02 5.797657e+02 -1 -1 -1 -1
212 -1 5.832686e+02 1.400807e+02 1.755024e+02 4.687641e+02 -1 -1 -1 -1
212 -1 9.352539e+02 1.246208e+02 1.339576e+02 3.282070e+02 -1 -1 -1 -1
212 -1 7.322613e+02 9.709270e+01 1.197047e+02 2.792651e+02 -1 -1 -1 -1
212 -1 8.828835e+02 1.618768e+02 8.781807e+01 2.225851e+02 -1 -1 -1 -1
213 -1 5.741876e+02 1.398647e+02 2.691801e+02 5.130218e+02 -1 -1 -1 -1
213 -1 1.328606e+03 1.343462e+02 2.471166e+02 5.999340e+02 -1 -1 -1 -1
213 -1 9.070868e+02 1.180324e+02 1.560915e+02 3.386881e+02 -1 -1 -1 -1
213 -1 7.288328e+02 9.296885e+01 1.035116e+02 2.662776e+02 -1 -1 -1 -1
213 -1 8.826671e+02 1.606219e+02 7.106209e+01 2.043876e+02 -1 -1 -1 -1
214 -1 1.328388e+03 1.343459e+02 2.207252e+02 5.715208e+02 -1 -1 -1 -1
214 -1 5.907212e+02 1.602317e+02 2.528962e+02 5.493679e+02 -1 -1 -1 -1
214 -1 8.813074e+02 1.140310e+02 1.030475e+02 3.442890e+02 -1 -1 -1 -1
214 -1 7.313375e+02 9.145028e+01 1.008160e+02 2.698485e+02 -1 -1 -1 -1
215 -1 1.299641e+03 1.146567e+02 2.164304e+02 5.212139e+02 -1 -1 -1 -1
215 -1 8.374377e+02 1.206188e+02 1.396116e+02 3.422730e+02 -1 -1 -1 -1
215 -1 5.995658e+02 1.635503e+02 2.007869e+02 5.442926e+02 -1 -1 -1 -1
215 -1 7.328156e+02 9.639987e+01 9.982750e+01 2.600470e+02 -1 -1 -1 -1
216 -1 6.192535e+02 1.787983e+02 2.921233e+02 5.422141e+02 -1 -1 -1 -1
216 -1 1.268349e+03 1.095867e+02 2.147486e+02 5.120258e+02 -1 -1 -1 -1
216 -1 8.937556e+02 1.706771e+02 8.601929e+01 2.131409e+02 -1 -1 -1 -1
216 -1 8.014299e+02 1.203850e+02 1.123344e+02 3.322647e+02 -1 -1 -1 -1
216 -1 7.301356e+02 9.782340e+01 8.322887e+01 1.893883e+02 -1 -1 -1 -1
217 -1 1.269597e+03 9.856544e+01 1.846545e+02 5.380003e+02 -1 -1 -1 -1
217 -1 6.846461e+02 1.889104e+02 2.438662e+02 5.463974e+02 -1 -1 -1 -1
217 -1 8.890625e+02 1.756295e+02 9.517462e+01 2.066288e+02 -1 -1 -1 -1
217 -1 7.905710e+02 1.196237e+02 8.450523e+01 2.061539e+02 -1 -1 -1 -1
217 -1 7.308937e+02 1.002398e+02 7.029671e+01 1.145964e+02 -1 -1 -1 -1
218 -1 1.245169e+03 9.637312e+01 1.722226e+02 4.664366e+02 -1 -1 -1 -1
218 -1 7.437908e+02 1.838046e+02 2.072111e+02 5.718311e+02 -1 -1 -1 -1
218 -1 8.968867e+02 1.765662e+02 8.335733e+01 1.964347e+02 -1 -1 -1 -1
218 -1 7.344038e+02 1.243980e+02 9.275436e+01 2.156792e+02 -1 -1 -1 -1
219 -1 7.914615e+02 1.917107e+02 2.685630e+02 5.976633e+02 -1 -1 -1 -1
219 -1 1.205152e+03 1.019665e+02 1.825115e+02 4.513574e+02 -1 -1 -1 -1
219 -1 6.868068e+02 1.293115e+02 1.179649e+02 3.898599e+02 -1 -1 -1 -1
219 -1 7.452714e+02 9.355331e+01 6.640572e+01 1.632754e+02 -1 -1 -1 -1
220 -1 1.174580e+03 1.003541e+02 1.762763e+02 4.495406e+02 -1 -1 -1 -1
220 -1 8.522412e+02 1.954131e+02 2.130721e+02 6.340620e+02 -1 -1 -1 -1
220 -1 6.237978e+02 1.415769e+02 1.631986e+02 4.032583e+02 -1 -1 -1 -1
220 -1 7.269434e+02 9.786454e+01 1.013947e+02 2.578699e+02 -1 -1 -1 -1
220 -1 8.811061e+02 9.921051e+01 7.360119e+01 2.575627e+02 -1 -1 -1 -1
220 -1 6.583769e+02 1.273351e+02 1.547286e+02 3.682961e+02 -1 -1 -1 -1
221 -1 5.975700e+02 1.410207e+02 1.672237e+02 4.196363e+02 -1 -1 -1 -1
221 -1 1.167202e+03 9.233372e+01 1.414405e+02 4.355936e+02 -1 -1 -1 -1
221 -1 8.524273e+02 1.018550e+02 8.171162e+01 2.896218e+02 -1 -1 -1 -1
221 -1 9.132551e+02 1.967119e+02 1.833027e+02 6.437933e+02 -1 -1 -1 -1
221 -1 7.308818e+02 9.706773e+01 1.082383e+02 2.765742e+02 -1 -1 -1 -1
222 -1 5.853492e+02 1.438236e+02 1.590997e+02 4.148465e+02 -1 -1 -1 -1
222 -1 1.140671e+03 8.837039e+01 1.380725e+02 4.325929e+02 -1 -1 -1 -1
222 -1 9.619115e+02 2.022934e+02 2.266063e+02 6.183054e+02 -1 -1 -1 -1
222 -1 8.359370e+02 9.963915e+01 7.137817e+01 2.904346e+02 -1 -1 -1 -1
222 -1 7.300181e+02 9.534986e+01 1.032977e+02 2.876970e+02 -1 -1 -1 -1
223 -1 9.936681e+02 2.163111e+02 2.359325e+02 6.107913e+02 -1 -1 -1 -1
223 -1 5.710452e+02 1.531901e+02 1.646139e+02 4.603385e+02 -1 -1 -1 -1
223 -1 7.955000e+02 1.050557e+02 1.165042e+02 2.952853e+02 -1 -1 -1 -1
223 -1 7.323013e+02 1.034241e+02 7.978523e+01 2.816355e+02 -1 -1 -1 -1
223 -1 1.135580e+03 8.323840e+01 9.833244e+01 2.910009e+02 -1 -1 -1 -1
224 -1 1.054748e+03 2.024904e+02 2.341386e+02 6.026646e+02 -1 -1 -1 -1
224 -1 5.396273e+02 1.520777e+02 1.745301e+02 4.732599e+02 -1 -1 -1 -1
224 -1 7.438058e+02 1.014183e+02 1.288139e+02 2.969596e+02 -1 -1 -1 -1
224 -1 7.344092e+02 1.041362e+02 7.747845e+01 2.796840e+02 -1 -1 -1 -1
224 -1 1.077257e+03 7.846260e+01 1.196995e+02 2.690331e+02 -1 -1 -1 -1
225 -1 5.325463e+02 1.623667e+02 1.688633e+02 4.751025e+02 -1 -1 -1 -1
225 -1 1.077201e+03 1.961208e+02 3.038319e+02 5.857552e+02 -1 -1 -1 -1
225 -1 1.029514e+03 8.619616e+01 1.342799e+02 3.877340e+02 -1 -1 -1 -1
225 -1 7.385710e+02 1.035972e+02 1.117945e+02 2.959511e+02 -1 -1 -1 -1
225 -1 7.313557e+02 1.169618e+02 4.671993e+01 2.516220e+02 -1 -1 -1 -1
226 -1 1.110374e+03 1.904359e+02 2.924705e+02 5.966847e+02 -1 -1 -1 -1
226 -1 5.337682e+02 1.749051e+02 1.699396e+02 5.044333e+02 -1 -1 -1 -1
226 -1 9.843095e+02 8.969958e+01 1.547273e+02 3.970793e+02 -1 -1 -1 -1
226 -1 7.142341e+02 1.004528e+02 1.222464e+02 3.043918e+02 -1 -1 -1 -1
227 -1 1.172247e+03 1.859385e+02 2.697437e+02 5.661291e+02 -1 -1 -1 -1
227 -1 5.414708e+02 1.762951e+02 1.898336e+02 5.147862e+02 -1 -1 -1 -1
227 -1 9.654382e+02 8.540678e+01 1.548381e+02 4.071510e+02 -1 -1 -1 -1
227 -1 7.376800e+02 1.013686e+02 1.151596e+02 2.603401e+02 -1 -1 -1 -1
227 -1 7.016709e+02 1.038214e+02 8.680115e+01 2.844873e+02 -1 -1 -1 -1
228 -1 1.142071e+03 1.749688e+02 4.054660e+02 5.839324e+02 -1 -1 -1 -1
228 -1 5.610867e+02 1.957750e+02 1.932088e+02 5.585248e+02 -1 -1 -1 -1
228 -1 9.230007e+02 8.753178e+01 1.235633e+02 3.954472e+02 -1 -1 -1 -1
228 -1 7.343635e+02 9.769330e+01 1.160794e+02 2.729839e+02 -1 -1 -1 -1
228 -1 6.583541e+02 1.034917e+02 1.001311e+02 2.777108e+02 -1 -1 -1 -1
229 -1 1.209374e+03 1.671428e+02 3.047031e+02 5.817417e+02 -1 -1 -1 -1
229 -1 5.745132e+02 2.016768e+02 1.825539e+02 5.829389e+02 -1 -1 -1 -1
229 -1 8.937919e+02 8.564851e+01 1.417376e+02 4.017903e+02 -1 -1 -1 -1
229 -1 7.381831e+02 9.949073e+01 1.099530e+02 2.724349e+02 -1 -1 -1 -1
229 -1 6.471292e+02 1.057879e+02 1.003421e+02 2.800296e+02 -1 -1 -1 -1
230 -1 1.218961e+03 1.639212e+02 2.301727e+02 5.070486e+02 -1 -1 -1 -1
230 -1 8.702875e+02 9.821811e+01 1.697206e+02 3.938647e+02 -1 -1 -1 -1
230 -1 6.082822e+02 1.997561e+02 1.661280e+02 5.654089e+02 -1 -1 -1 -1
230 -1 7.368355e+02 9.654789e+01 1.098236e+02 2.769344e+02 -1 -1 -1 -1
231 -1 1.159220e+03 1.584476e+02 3.194124e+02 5.087828e+02 -1 -1 -1 -1
231 -1 6.782815e+02 2.282128e+02 2.310698e+02 5.578320e+02 -1 -1 -1 -1
231 -1 8.428076e+02 9.197573e+01 1.247571e+02 4.030488e+02 -1 -1 -1 -1
231 -1 7.403191e+02 9.559252e+01 1.117676e+02 2.698565e+02 -1 -1 -1 -1
232 -1 1.253099e+03 1.375143e+02 1.713414e+02 5.235639e+02 -1 -1 -1 -1
232 -1 7.581059e+02 2.089798e+02 1.657191e+02 5.856202e+02 -1 -1 -1 -1
232 -1 8.180358e+02 9.676804e+01 1.136533e+02 3.829900e+02 -1 -1 -1 -1
232 -1 6.464492e+02 9.884847e+01 8.613041e+01 2.806517e+02 -1 -1 -1 -1
232 -1 7.365233e+02 9.911137e+01 7.932735e+01 2.662166e+02 -1 -1 -1 -1
232 -1 7.863124e+02 1.379918e+02 1.354326e+02 5.281224e+02 -1 -1 -1 -1
233 -1 1.193700e+03 1.316683e+02 2.284083e+02 4.615637e+02 -1 -1 -1 -1
233 -1 7.873414e+02 2.078427e+02 2.101370e+02 6.052213e+02 -1 -1 -1 -1
233 -1 6.432824e+02 1.014124e+02 8.227489e+01 2.814909e+02 -1 -1 -1 -1
233 -1 7.513541e+02 9.319520e+01 1.178144e+02 3.974810e+02 -1 -1 -1 -1
233 -1 7.424213e+02 1.042195e+02 6.986813e+01 2.733673e+02 -1 -1 -1 -1
234 -1 8.231596e+02 2.349994e+02 2.818969e+02 5.863250e+02 -1 -1 -1 -1
234 -1 1.159193e+03 1.273523e+02 2.500541e+02 4.544188e+02 -1 -1 -1 -1
234 -1 7.291071e+02 9.759877e+01 1.447955e+02 4.160431e+02 -1 -1 -1 -1
234 -1 6.391833e+02 1.002033e+02 9.165035e+01 2.859643e+02 -1 -1 -1 -1
235 -1 6.517244e+02 9.843723e+01 1.796397e+02 4.152676e+02 -1 -1 -1 -1
235 -1 1.201938e+03 1.169371e+02 1.480650e+02 4.587259e+02 -1 -1 -1 -1
235 -1 9.835167e+02 2.225253e+02 1.837878e+02 6.011621e+02 -1 -1 -1 -1
235 -1 6.338414e+02 9.727257e+01 7.087498e+01 1.892966e+02 -1 -1 -1 -1
235 -1 7.546165e+02 9.846192e+01 7.864002e+01 1.011685e+02 -1 -1 -1 -1
236 -1 1.004871e+03 2.298514e+02 2.492926e+02 6.008255e+02 -1 -1 -1 -1
236 -1 1.157141e+03 1.114684e+02 1.761314e+02 4.252116e+02 -1 -1 -1 -1
236 -1 6.598573e+02 9.943258e+01 1.694227e+02 4.202807e+02 -1 -1 -1 -1
236 -1 7.455153e+02 9.774534e+01 9.289970e+01 2.487501e+02 -1 -1 -1 -1
236 -1 6.314891e+02 9.543003e+01 6.368660e+01 2.780518e+02 -1 -1 -1 -1
237 -1 1.072021e+03 2.112258e+02 2.108155e+02 5.945790e+02 -1 -1 -1 -1
237 -1 6.294065e+02 9.886374e+01 1.727545e+02 4.107896e+02 -1 -1 -1 -1
237 -1 7.402417e+02 9.724758e+01 9.573280e+01 2.737640e+02 -1 -1 -1 -1
237 -1 1.194513e+03 1.056222e+02 9.800652e+01 3.203045e+02 -1 -1 -1 -1
238 -1 1.147681e+03 1.889476e+02 1.615180e+02 5.774611e+02 -1 -1 -1 -1
238 -1 6.235834e+02 9.931934e+01 1.684956e+02 4.122432e+02 -1 -1 -1 -1
238 -1 7.362285e+02 9.832787e+01 1.098387e+02 2.704343e+02 -1 -1 -1 -1
238 -1 1.158110e+03 1.005755e+02 9.518692e+01 2.203904e+02 -1 -1 -1 -1
239 -1 1.169979e+03 1.990872e+02 1.793118e+02 5.714455e+02 -1 -1 -1 -1
239 -1 6.106387e+02 1.044753e+02 1.723890e+02 4.072420e+02 -1 -1 -1 -1
239 -1 1.121578e+03 1.045905e+02 1.101949e+02 3.864933e+02 -1 -1 -1 -1
239 -1 7.322994e+02 9.973549e+01 1.200774e+02 2.672000e+02 -1 -1 -1 -1
240 -1 1.031358e+03 1.101800e+02 1.833904e+02 3.914574e+02 -1 -1 -1 -1
240 -1 1.209180e+03 1.879400e+02 1.961943e+02 5.264627e+02 -1 -1 -1 -1
240 -1 5.834581e+02 9.887373e+01 1.808236e+02 3.981717e+02 -1 -1 -1 -1
240 -1 7.151042e+02 9.857098e+01 1.418557e+02 2.690364e+02 -1 -1 -1 -1
240 -1 6.363642e+02 1.002944e+02 1.674259e+02 3.516933e+02 -1 -1 -1 -1
241 -1 1.230533e+03 1.754400e+02 1.850127e+02 5.304079e+02 -1 -1 -1 -1
241 -1 1.024262e+03 1.171896e+02 1.610502e+02 3.712275e+02 -1 -1 -1 -1
241 -1 5.757596e+02 9.173848e+01 1.549206e+02 3.849982e+02 -1 -1 -1 -1
241 -1 7.102418e+02 1.026913e+02 1.222272e+02 2.726266e+02 -1 -1 -1 -1
241 -1 1.036581e+03 1.173777e+02 8.355377e+01 2.040476e+02 -1 -1 -1 -1
242 -1 1.248096e+03 1.656634e+02 1.610328e+02 5.117784e+02 -1 -1 -1 -1
242 -1 5.822070e+02 8.552831e+01 1.462749e+02 3.902307e+02 -1 -1 -1 -1
242 -1 9.856622e+02 1.152930e+02 1.096703e+02 3.668794e+02 -1 -1 -1 -1
242 -1 7.242525e+02 9.462552e+01 1.254058e+02 2.807378e+02 -1 -1 -1 -1
243 -1 1.237158e+03 1.567959e+02 1.673982e+02 4.784814e+02 -1 -1 -1 -1
243 -1 9.353072e+02 1.187423e+02 1.543570e+02 3.641085e+02 -1 -1 -1 -1
243 -1 5.940384e+02 7.851415e+01 1.328265e+02 3.847495e+02 -1 -1 -1 -1
243 -1 7.329432e+02 9.658210e+01 1.173633e+02 2.786259e+02 -1 -1 -1 -1
244 -1 1.232274e+03 1.487116e+02 1.456837e+02 4.751810e+02 -1 -1 -1 -1
244 -1 8.894134e+02 1.123875e+02 1.126144e+02 3.799456e+02 -1 -1 -1 -1
244 -1 6.104104e+02 7.968992e+01 1.262241e+02 3.547425e+02 -1 -1 -1 -1
244 -1 7.440312e+02 9.412763e+01 1.017764e+02 2.767687e+02 -1 -1 -1 -1
245 -1 1.196602e+03 1.386643e+02 1.411560e+02 4.139480e+02 -1 -1 -1 -1
245 -1 8.234617e+02 1.156664e+02 1.643686e+02 3.834533e+02 -1 -1 -1 -1
245 -1 6.365252e+02 8.122220e+01 1.094846e+02 3.500915e+02 -1 -1 -1 -1
245 -1 7.459430e+02 9.070463e+01 9.761913e+01 2.749270e+02 -1 -1 -1 -1
246 -1 1.132099e+03 1.357620e+02 1.730672e+02 4.135293e+02 -1 -1 -1 -1
246 -1 7.974176e+02 1.195584e+02 1.066634e+02 3.801150e+02 -1 -1 -1 -1
246 -1 6.505879e+02 7.212575e+01 1.183986e+02 3.294294e+02 -1 -1 -1 -1
246 -1 7.442194e+02 9.583559e+01 6.800652e+01 2.675942e+02 -1 -1 -1 -1
246 -1 7.694222e+02 1.035668e+02 7.807583e+01 2.676849e+02 -1 -1 -1 -1
246 -1 7.052318e+02 8.497579e+01 9.390221e+01 2.946560e+02 -1 -1 -1 -1
247 -1 7.247352e+02 1.277395e+02 1.699352e+02 3.755639e+02 -1 -1 -1 -1
247 -1 1.130094e+03 1.290870e+02 1.110381e+02 3.897437e+02 -1 -1 -1 -1
247 -1 6.759069e+02 8.036639e+01 8.498188e+01 3.179606e+02 -1 -1 -1 -1
247 -1 6.352406e+02 9.515264e+01 6.891403e+01 2.904888e+02 -1 -1 -1 -1
248 -1 1.048029e+03 1.385227e+02 1.593118e+02 3.723680e+02 -1 -1 -1 -1
248 -1 7.039370e+02 1.133461e+02 1.206693e+02 3.900550e+02 -1 -1 -1 -1
248 -1 6.344481e+02 1.018041e+02 7.234119e+01 2.782363e+02 -1 -1 -1 -1
248 -1 7.335078e+02 6.363159e+01 7.894993e+01 1.360320e+02 -1 -1 -1 -1
249 -1 1.024514e+03 1.344461e+02 1.805708e+02 3.758867e+02 -1 -1 -1 -1
249 -1 6.645832e+02 1.077978e+02 1.308911e+02 3.961395e+02 -1 -1 -1 -1
249 -1 7.494402e+02 6.931429e+01 9.178551e+01 3.231492e+02 -1 -1 -1 -1
249 -1 6.377498e+02 9.777484e+01 5.411087e+01 1.856596e+02 -1 -1 -1 -1
250 -1 5.852735e+02 1.000540e+02 1.970540e+02 3.956062e+02 -1 -1 -1 -1
250 -1 1.016465e+03 1.353644e+02 1.092762e+02 3.714486e+02 -1 -1 -1 -1
250 -1 7.701753e+02 5.861168e+01 1.288355e+02 3.325170e+02 -1 -1 -1 -1
250 -1 7.187330e+02 9.752790e+01 6.664719e+01 1.839438e+02 -1 -1 -1 -1
251 -1 5.917715e+02 1.077832e+02 1.822808e+02 3.793353e+02 -1 -1 -1 -1
251 -1 9.666648e+02 1.300927e+02 1.292747e+02 3.853791e+02 -1 -1 -1 -1
251 -1 7.938865e+02 6.026555e+01 1.172594e+02 3.306111e+02 -1 -1 -1 -1
251 -1 7.109141e+02 9.731000e+01 9.886379e+01 2.734763e+02 -1 -1 -1 -1
251 -1 6.741491e+02 1.029146e+02 1.198452e+02 3.176011e+02 -1 -1 -1 -1
252 -1 9.214075e+02 1.406421e+02 1.647949e+02 3.748415e+02 -1 -1 -1 -1
252 -1 6.139502e+02 1.047396e+02 1.468680e+02 3.804880e+02 -1 -1 -1 -1
252 -1 8.187157e+02 5.854693e+01 9.144928e+01 3.274583e+02 -1 -1 -1 -1
252 -1 7.026780e+02 9.659305e+01 1.214143e+02 2.751943e+02 -1 -1 -1 -1
253 -1 6.237256e+02 1.105545e+02 1.311155e+02 3.633245e+02 -1 -1 -1 -1
253 -1 9.045665e+02 1.317565e+02 1.141217e+02 3.886788e+02 -1 -1 -1 -1
253 -1 8.470259e+02 6.471151e+01 8.601700e+01 3.159554e+02 -1 -1 -1 -1
253 -1 7.101389e+02 9.524634e+01 1.343009e+02 2.753539e+02 -1 -1 -1 -1
254 -1 8.410724e+02 1.403841e+02 1.433454e+02 3.786845e+02 -1 -1 -1 -1
254 -1 6.453931e+02 1.060196e+02 1.026907e+02 3.386125e+02 -1 -1 -1 -1
254 -1 7.157186e+02 9.829486e+01 1.298582e+02 2.793037e+02 -1 -1 -1 -1
254 -1 8.762769e+02 6.400703e+01 8.371719e+01 1.329069e+02 -1 -1 -1 -1
255 -1 8.125398e+02 1.367993e+02 1.628311e+02 3.848019e+02 -1 -1 -1 -1
255 -1 6.476883e+02 1.012524e+02 1.109223e+02 3.434628e+02 -1 -1 -1 -1
255 -1 8.973672e+02 8.426218e+01 1.039182e+02 3.110761e+02 -1 -1 -1 -1
255 -1 6.757237e+02 1.017382e+02 1.081678e+02 3.304918e+02 -1 -1 -1 -1
255 -1 7.142225e+02 9.374478e+01 1.001077e+02 2.929548e+02 -1 -1 -1 -1
255 -1 8.689677e+02 9.339343e+01 1.162637e+02 3.330030e+02 -1 -1 -1 -1
256 -1 7.698772e+02 1.234309e+02 1.094477e+02 3.969892e+02 -1 -1 -1 -1
256 -1 9.031147e+02 1.431143e+02 1.273668e+02 2.366507e+02 -1 -1 -1 -1
256 -1 6.664491e+02 9.513348e+01 1.271503e+02 3.369767e+02 -1 -1 -1 -1
256 -1 7.010266e+02 8.706180e+01 9.152058e+01 1.524540e+02 -1 -1 -1 -1
257 -1 7.093097e+02 1.420937e+02 1.585953e+02 3.594383e+02 -1 -1 -1 -1
257 -1 9.097373e+02 1.677453e+02 1.282920e+02 2.061600e+02 -1 -1 -1 -1
257 -1 6.380274e+02 1.072166e+02 7.677177e+01 2.721233e+02 -1 -1 -1 -1
258 -1 6.768130e+02 1.203901e+02 1.542686e+02 3.841450e+02 -1 -1 -1 -1
258 -1 9.136284e+02 1.688021e+02 1.246476e+02 1.991385e+02 -1 -1 -1 -1
258 -1 7.560156e+02 9.028540e+01 9.275871e+01 2.973997e+02 -1 -1 -1 -1
258 -1 6.406924e+02 1.047334e+02 5.291885e+01 2.708570e+02 -1 -1 -1 -1
259 -1 6.532433e+02 1.264698e+02 1.213523e+02 3.621495e+02 -1 -1 -1 -1
259 -1 9.166826e+02 1.617794e+02 1.284651e+02 2.069081e+02 -1 -1 -1 -1
259 -1 7.687341e+02 9.243766e+01 1.010120e+02 3.016076e+02 -1 -1 -1 -1
259 -1 7.181582e+02 9.757364e+01 5.643093e+01 1.236735e+02 -1 -1 -1 -1
260 -1 6.364846e+02 1.225593e+02 1.266323e+02 3.683145e+02 -1 -1 -1 -1
260 -1 7.878445e+02 8.996818e+01 1.290633e+02 3.032040e+02 -1 -1 -1 -1
260 -1 9.180932e+02 1.596180e+02 1.228180e+02 2.131742e+02 -1 -1 -1 -1
260 -1 7.118941e+02 9.348824e+01 9.221043e+01 2.736831e+02 -1 -1 -1 -1
260 -1 6.710759e+02 1.092990e+02 1.125970e+02 3.274219e+02 -1 -1 -1 -1
261 -1 6.281586e+02 1.053347e+02 1.210400e+02 3.548560e+02 -1 -1 -1 -1
261 -1 8.098801e+02 8.154418e+01 1.164815e+02 3.073675e+02 -1 -1 -1 -1
261 -1 9.197724e+02 1.677225e+02 1.195315e+02 2.021474e+02 -1 -1 -1 -1
261 -1 7.057545e+02 9.622878e+01 1.171963e+02 2.753008e+02 -1 -1 -1 -1
261 -1 6.630644e+02 1.070274e+02 1.195794e+02 3.158562e+02 -1 -1 -1 -1
