1 -1 1.362172e+03 2.238813e+02 3.851353e+02 7.822144e+02 -1 -1 -1 -1
1 -1 7.976893e+02 5.646787e+02 3.639398e+02 4.348273e+02 -1 -1 -1 -1
1 -1 1.621305e+03 6.266503e+02 2.959621e+02 3.973497e+02 -1 -1 -1 -1
2 -1 1.339359e+03 1.941015e+02 3.610867e+02 7.923210e+02 -1 -1 -1 -1
2 -1 8.470187e+02 5.472318e+02 3.549866e+02 4.595468e+02 -1 -1 -1 -1
2 -1 1.626121e+03 6.327952e+02 2.938788e+02 3.912048e+02 -1 -1 -1 -1
2 -1 1.434036e+03 4.162510e+02 4.308259e+02 6.060051e+02 -1 -1 -1 -1
3 -1 1.325803e+03 1.821010e+02 3.348457e+02 7.825288e+02 -1 -1 -1 -1
3 -1 9.042992e+02 5.408971e+02 3.700129e+02 4.719959e+02 -1 -1 -1 -1
3 -1 1.585431e+03 6.203683e+02 3.262601e+02 4.036317e+02 -1 -1 -1 -1
3 -1 1.446633e+03 4.320238e+02 4.092590e+02 5.894453e+02 -1 -1 -1 -1
4 -1 1.312841e+03 1.597209e+02 3.108625e+02 7.006899e+02 -1 -1 -1 -1
4 -1 9.961213e+02 5.353823e+02 3.917310e+02 4.671805e+02 -1 -1 -1 -1
4 -1 1.545526e+03 6.053079e+02 3.655566e+02 4.173279e+02 -1 -1 -1 -1
4 -1 1.198784e+03 5.849852e+02 5.672237e+02 4.390148e+02 -1 -1 -1 -1
5 -1 1.091711e+03 4.624474e+02 4.419061e+02 5.532839e+02 -1 -1 -1 -1
5 -1 1.457448e+03 5.893391e+02 4.569427e+02 4.346609e+02 -1 -1 -1 -1
5 -1 1.281324e+03 1.514797e+02 2.738127e+02 3.963053e+02 -1 -1 -1 -1
6 -1 1.137645e+03 4.562592e+02 4.404673e+02 5.524737e+02 -1 -1 -1 -1
6 -1 1.255139e+03 1.298432e+02 2.542030e+02 5.177879e+02 -1 -1 -1 -1
6 -1 1.453852e+03 5.778961e+02 4.661476e+02 4.428212e+02 -1 -1 -1 -1
6 -1 1.203083e+03 1.909801e+02 3.335614e+02 6.097718e+02 -1 -1 -1 -1
7 -1 1.171999e+03 4.316124e+02 4.217642e+02 5.906400e+02 -1 -1 -1 -1
7 -1 1.247938e+03 1.188250e+02 2.358817e+02 5.232622e+02 -1 -1 -1 -1
7 -1 1.448831e+03 5.579904e+02 4.646047e+02 4.647391e+02 -1 -1 -1 -1
7 -1 1.362855e+03 5.166407e+02 4.212053e+02 4.849848e+02 -1 -1 -1 -1
8 -1 1.218008e+03 4.120751e+02 3.941272e+02 6.119249e+02 -1 -1 -1 -1
8 -1 1.226130e+03 1.205287e+02 2.240781e+02 5.314314e+02 -1 -1 -1 -1
8 -1 1.366649e+03 5.289265e+02 5.467804e+02 4.864534e+02 -1 -1 -1 -1
9 -1 1.262369e+03 3.735412e+02 3.719994e+02 6.378363e+02 -1 -1 -1 -1
9 -1 1.420041e+03 4.690277e+02 4.991251e+02 5.419187e+02 -1 -1 -1 -1
9 -1 1.141520e+03 1.116018e+02 2.793697e+02 5.196045e+02 -1 -1 -1 -1
9 -1 1.318791e+03 3.959664e+02 4.581548e+02 6.061772e+02 -1 -1 -1 -1
10 -1 1.261615e+03 3.708422e+02 3.993503e+02 6.468325e+02 -1 -1 -1 -1
10 -1 1.442970e+03 4.487474e+02 4.770303e+02 5.747108e+02 -1 -1 -1 -1
10 -1 1.113807e+03 1.056168e+02 2.363365e+02 5.417860e+02 -1 -1 -1 -1
10 -1 1.353788e+03 4.043409e+02 4.192822e+02 6.038935e+02 -1 -1 -1 -1
11 -1 1.400979e+03 4.147813e+02 4.259047e+02 5.826082e+02 -1 -1 -1 -1
11 -1 1.293159e+03 3.624106e+02 3.970720e+02 6.547512e+02 -1 -1 -1 -1
11 -1 1.113975e+03 1.072557e+02 1.940778e+02 5.144280e+02 -1 -1 -1 -1
12 -1 1.336663e+03 3.352043e+02 3.448824e+02 6.418796e+02 -1 -1 -1 -1
12 -1 1.108988e+03 9.982020e+01 1.671462e+02 5.091173e+02 -1 -1 -1 -1
12 -1 1.401924e+03 4.234632e+02 4.555886e+02 5.871660e+02 -1 -1 -1 -1
13 -1 9.854045e+02 1.021869e+02 2.328394e+02 4.934217e+02 -1 -1 -1 -1
13 -1 1.317663e+03 4.490510e+02 5.109435e+02 5.701500e+02 -1 -1 -1 -1
13 -1 1.379230e+03 2.937156e+02 3.019144e+02 4.631187e+02 -1 -1 -1 -1
13 -1 1.361615e+03 3.427574e+02 3.874052e+02 5.411498e+02 -1 -1 -1 -1
14 -1 9.502059e+02 9.645178e+01 2.473370e+02 4.913474e+02 -1 -1 -1 -1
14 -1 1.269484e+03 3.792448e+02 5.179964e+02 6.383076e+02 -1 -1 -1 -1
14 -1 1.307552e+03 3.066122e+02 4.204250e+02 5.694992e+02 -1 -1 -1 -1
14 -1 1.278253e+03 2.848176e+02 3.814666e+02 4.476401e+02 -1 -1 -1 -1
15 -1 9.502907e+02 8.932129e+01 1.968343e+02 4.963391e+02 -1 -1 -1 -1
15 -1 1.278866e+03 3.590668e+02 4.499368e+02 6.567693e+02 -1 -1 -1 -1
15 -1 1.350263e+03 2.461898e+02 2.934581e+02 3.334543e+02 -1 -1 -1 -1
15 -1 1.292031e+03 2.839077e+02 3.645854e+02 4.946369e+02 -1 -1 -1 -1
16 -1 8.706622e+02 7.123478e+01 2.374356e+02 5.404900e+02 -1 -1 -1 -1
16 -1 1.330451e+03 3.607226e+02 3.877863e+02 6.518188e+02 -1 -1 -1 -1
16 -1 1.361656e+03 2.373033e+02 2.635352e+02 2.925104e+02 -1 -1 -1 -1
16 -1 1.334509e+03 2.550327e+02 2.913805e+02 4.721529e+02 -1 -1 -1 -1
17 -1 8.535743e+02 6.943993e+01 2.268661e+02 5.593940e+02 -1 -1 -1 -1
17 -1 1.320110e+03 3.134828e+02 3.953533e+02 7.007757e+02 -1 -1 -1 -1
17 -1 1.361476e+03 2.239531e+02 2.742995e+02 3.750368e+02 -1 -1 -1 -1
17 -1 1.345714e+03 2.424309e+02 3.296906e+02 4.958408e+02 -1 -1 -1 -1
18 -1 1.310877e+03 2.391519e+02 3.974128e+02 7.797578e+02 -1 -1 -1 -1
18 -1 8.728802e+02 8.102304e+01 1.821975e+02 5.588094e+02 -1 -1 -1 -1
18 -1 1.356522e+03 2.056561e+02 2.828188e+02 3.790250e+02 -1 -1 -1 -1
18 -1 1.330055e+03 2.225055e+02 3.452991e+02 5.162278e+02 -1 -1 -1 -1
19 -1 1.309306e+03 2.321290e+02 3.554517e+02 7.702838e+02 -1 -1 -1 -1
19 -1 8.660222e+02 9.399313e+01 1.730957e+02 5.568269e+02 -1 -1 -1 -1
19 -1 1.323758e+03 2.280094e+02 3.102306e+02 5.064271e+02 -1 -1 -1 -1
19 -1 1.340976e+03 2.097324e+02 2.690943e+02 3.429720e+02 -1 -1 -1 -1
20 -1 8.306996e+02 1.613695e+02 1.901009e+02 4.929202e+02 -1 -1 -1 -1
20 -1 1.306483e+03 2.033120e+02 3.072050e+02 7.226393e+02 -1 -1 -1 -1
21 -1 1.285825e+03 1.992850e+02 3.141026e+02 6.926167e+02 -1 -1 -1 -1
21 -1 7.957974e+02 2.376542e+02 2.013696e+02 3.979388e+02 -1 -1 -1 -1
22 -1 7.512226e+02 6.485606e+01 2.434916e+02 5.865909e+02 -1 -1 -1 -1
22 -1 1.265716e+03 1.970418e+02 3.001311e+02 6.215017e+02 -1 -1 -1 -1
23 -1 7.586635e+02 0 2.396307e+02 5.559026e+02 -1 -1 -1 -1
23 -1 1.228531e+03 1.832762e+02 2.711954e+02 6.075711e+02 -1 -1 -1 -1
23 -1 1.391304e+03 1.695739e+02 2.615572e+02 6.432891e+02 -1 -1 -1 -1
23 -1 1.284681e+03 1.795140e+02 3.022845e+02 6.186492e+02 -1 -1 -1 -1
24 -1 1.189015e+03 1.746574e+02 2.338499e+02 5.879403e+02 -1 -1 -1 -1
24 -1 8.206014e+02 6.303400e+00 1.733754e+02 5.577769e+02 -1 -1 -1 -1
24 -1 1.374295e+03 1.923166e+02 2.392756e+02 5.422284e+02 -1 -1 -1 -1
25 -1 8.048252e+02 1.324652e+02 1.847772e+02 5.321551e+02 -1 -1 -1 -1
25 -1 1.340824e+03 1.812654e+02 2.562767e+02 5.041318e+02 -1 -1 -1 -1
25 -1 1.162325e+03 1.421460e+02 2.131169e+02 5.216971e+02 -1 -1 -1 -1
26 -1 1.102661e+03 1.325711e+02 2.816201e+02 5.343577e+02 -1 -1 -1 -1
26 -1 8.060672e+02 1.849072e+02 1.810431e+02 4.773842e+02 -1 -1 -1 -1
26 -1 1.345140e+03 1.730769e+02 2.550703e+02 4.996234e+02 -1 -1 -1 -1
27 -1 8.134970e+02 9.057366e+01 1.925166e+02 5.638041e+02 -1 -1 -1 -1
27 -1 1.094661e+03 1.262414e+02 2.326932e+02 4.701160e+02 -1 -1 -1 -1
27 -1 1.339712e+03 1.705819e+02 2.683694e+02 5.091584e+02 -1 -1 -1 -1
28 -1 8.053825e+02 9.066498e+01 1.983301e+02 5.640540e+02 -1 -1 -1 -1
28 -1 1.342463e+03 1.686152e+02 2.491143e+02 4.871982e+02 -1 -1 -1 -1
28 -1 1.101877e+03 1.121736e+02 1.598824e+02 4.565772e+02 -1 -1 -1 -1
29 -1 8.059623e+02 1.688259e+02 1.824070e+02 4.901201e+02 -1 -1 -1 -1
29 -1 1.335564e+03 1.566342e+02 2.305133e+02 5.026853e+02 -1 -1 -1 -1
29 -1 1.060132e+03 1.109237e+02 1.533593e+02 4.058082e+02 -1 -1 -1 -1
30 -1 7.778753e+02 2.417689e+02 2.008490e+02 3.944598e+02 -1 -1 -1 -1
30 -1 1.325292e+03 1.560483e+02 2.324533e+02 4.754413e+02 -1 -1 -1 -1
30 -1 1.020603e+03 1.169267e+02 1.386257e+02 3.847994e+02 -1 -1 -1 -1
31 -1 7.283955e+02 5.982003e+01 2.618760e+02 5.895194e+02 -1 -1 -1 -1
31 -1 1.322871e+03 1.546449e+02 2.187790e+02 4.699255e+02 -1 -1 -1 -1
31 -1 9.799498e+02 1.928751e+02 1.627782e+02 3.079091e+02 -1 -1 -1 -1
32 -1 7.724574e+02 0 2.187713e+02 5.595270e+02 -1 -1 -1 -1
32 -1 1.327116e+03 1.488521e+02 2.217405e+02 4.660008e+02 -1 -1 -1 -1
32 -1 9.499368e+02 2.865390e+02 1.874924e+02 2.091103e+02 -1 -1 -1 -1
33 -1 7.899601e+02 7.820971e+00 2.173546e+02 6.187106e+02 -1 -1 -1 -1
33 -1 1.300749e+03 1.549769e+02 2.328758e+02 4.531545e+02 -1 -1 -1 -1
33 -1 9.703124e+02 3.336936e+02 1.589999e+02 1.399655e+02 -1 -1 -1 -1
34 -1 8.011576e+02 1.794522e+02 1.981742e+02 4.797610e+02 -1 -1 -1 -1
34 -1 1.302886e+03 1.373041e+02 2.102142e+02 4.488882e+02 -1 -1 -1 -1
34 -1 9.090275e+02 1.933327e+02 1.293591e+02 2.366478e+02 -1 -1 -1 -1
35 -1 8.087244e+02 8.581940e+01 1.972093e+02 5.645276e+02 -1 -1 -1 -1
35 -1 1.309325e+03 1.320672e+02 1.923182e+02 4.394118e+02 -1 -1 -1 -1
36 -1 7.979652e+02 8.310325e+01 1.997750e+02 5.720241e+02 -1 -1 -1 -1
36 -1 1.312449e+03 1.272849e+02 1.933674e+02 4.398286e+02 -1 -1 -1 -1
36 -1 9.781748e+02 1.965050e+02 6.842560e+01 2.117252e+02 -1 -1 -1 -1
37 -1 8.029896e+02 1.951742e+02 1.921087e+02 4.419598e+02 -1 -1 -1 -1
37 -1 1.326850e+03 1.227617e+02 1.931083e+02 4.264805e+02 -1 -1 -1 -1
37 -1 9.818408e+02 3.041471e+02 1.677869e+02 1.519614e+02 -1 -1 -1 -1
38 -1 1.335802e+03 1.249541e+02 1.845371e+02 4.227102e+02 -1 -1 -1 -1
38 -1 7.842922e+02 2.461999e+02 2.027994e+02 3.967964e+02 -1 -1 -1 -1
38 -1 9.311770e+02 2.723748e+02 2.423524e+02 1.892743e+02 -1 -1 -1 -1
39 -1 7.922245e+02 2.744849e+00 1.907644e+02 6.197689e+02 -1 -1 -1 -1
39 -1 1.337354e+03 1.134503e+02 1.755057e+02 4.244220e+02 -1 -1 -1 -1
39 -1 9.582999e+02 2.853802e+02 2.055775e+02 1.889604e+02 -1 -1 -1 -1
40 -1 7.978004e+02 0 1.815472e+02 5.674702e+02 -1 -1 -1 -1
40 -1 1.338371e+03 1.102949e+02 1.678450e+02 4.168341e+02 -1 -1 -1 -1
40 -1 9.676109e+02 2.914786e+02 2.420812e+02 1.866825e+02 -1 -1 -1 -1
41 -1 7.879993e+02 8.276757e+00 1.871304e+02 6.129756e+02 -1 -1 -1 -1
41 -1 1.338342e+03 1.046501e+02 1.943026e+02 4.206370e+02 -1 -1 -1 -1
41 -1 9.968739e+02 2.672285e+02 1.956560e+02 2.145763e+02 -1 -1 -1 -1
42 -1 7.818487e+02 2.078593e+02 1.950817e+02 4.594406e+02 -1 -1 -1 -1
42 -1 1.073033e+03 1.882498e+02 1.532973e+02 2.906988e+02 -1 -1 -1 -1
42 -1 1.327838e+03 9.856649e+01 2.091202e+02 4.268924e+02 -1 -1 -1 -1
43 -1 7.861805e+02 8.579107e+01 1.910028e+02 5.778245e+02 -1 -1 -1 -1
43 -1 1.083151e+03 9.505567e+01 1.420759e+02 3.766459e+02 -1 -1 -1 -1
43 -1 1.338199e+03 1.013372e+02 1.881924e+02 4.278573e+02 -1 -1 -1 -1
44 -1 7.623801e+02 7.270596e+01 2.261864e+02 5.951241e+02 -1 -1 -1 -1
44 -1 1.090694e+03 7.922689e+01 1.446828e+02 4.015140e+02 -1 -1 -1 -1
44 -1 1.328928e+03 1.021596e+02 1.649073e+02 4.082556e+02 -1 -1 -1 -1
45 -1 7.842169e+02 1.029461e+02 2.079256e+02 5.647255e+02 -1 -1 -1 -1
45 -1 1.074964e+03 2.005200e+02 1.884057e+02 2.772436e+02 -1 -1 -1 -1
45 -1 1.299493e+03 1.023793e+02 1.824754e+02 3.804654e+02 -1 -1 -1 -1
46 -1 7.409336e+02 1.047529e+02 2.374331e+02 5.638286e+02 -1 -1 -1 -1
46 -1 1.316172e+03 1.063967e+02 1.540009e+02 3.773449e+02 -1 -1 -1 -1
46 -1 1.044390e+03 2.562178e+02 1.494578e+02 2.195135e+02 -1 -1 -1 -1
47 -1 7.268784e+02 1.092839e+02 2.276556e+02 5.512341e+02 -1 -1 -1 -1
47 -1 1.314151e+03 1.017160e+02 1.547962e+02 3.742461e+02 -1 -1 -1 -1
47 -1 9.856697e+02 2.821011e+02 2.158919e+02 1.811803e+02 -1 -1 -1 -1
48 -1 6.801128e+02 7.717019e+01 1.861679e+02 5.801401e+02 -1 -1 -1 -1
48 -1 1.330361e+03 9.801669e+01 1.584636e+02 3.969969e+02 -1 -1 -1 -1
48 -1 8.868650e+02 2.416048e+02 2.094299e+02 2.132940e+02 -1 -1 -1 -1
49 -1 6.244719e+02 8.392802e+01 2.234401e+02 5.811902e+02 -1 -1 -1 -1
49 -1 1.342229e+03 9.357874e+01 1.541155e+02 4.055168e+02 -1 -1 -1 -1
49 -1 8.483832e+02 2.026936e+02 2.221603e+02 2.658933e+02 -1 -1 -1 -1
50 -1 6.011910e+02 9.257169e+01 2.801907e+02 5.770784e+02 -1 -1 -1 -1
50 -1 1.335852e+03 1.038837e+02 1.624741e+02 3.969232e+02 -1 -1 -1 -1
50 -1 8.515560e+02 1.941813e+02 2.279091e+02 2.635222e+02 -1 -1 -1 -1
51 -1 6.277881e+02 8.168882e+01 2.519665e+02 5.967579e+02 -1 -1 -1 -1
51 -1 1.339324e+03 1.047687e+02 1.538223e+02 3.913481e+02 -1 -1 -1 -1
51 -1 8.526451e+02 2.216723e+02 3.208194e+02 2.527459e+02 -1 -1 -1 -1
52 -1 6.662032e+02 9.454831e+01 2.297617e+02 5.913192e+02 -1 -1 -1 -1
52 -1 9.495814e+02 2.930971e+02 2.876955e+02 1.738029e+02 -1 -1 -1 -1
52 -1 1.334703e+03 1.023819e+02 1.599074e+02 3.949707e+02 -1 -1 -1 -1
53 -1 6.755209e+02 1.284732e+02 2.524290e+02 5.545248e+02 -1 -1 -1 -1
53 -1 1.001831e+03 2.648604e+02 2.511024e+02 2.142645e+02 -1 -1 -1 -1
53 -1 1.331781e+03 9.905798e+01 1.588213e+02 3.898099e+02 -1 -1 -1 -1
54 -1 7.039243e+02 2.012597e+02 2.658075e+02 4.750956e+02 -1 -1 -1 -1
54 -1 1.336648e+03 1.021203e+02 1.461353e+02 3.901507e+02 -1 -1 -1 -1
54 -1 1.036259e+03 2.967633e+02 2.119743e+02 1.808309e+02 -1 -1 -1 -1
54 -1 8.847124e+02 1.969948e+02 1.039433e+02 8.870160e+01 -1 -1 -1 -1
55 -1 7.311992e+02 2.207691e+02 2.485736e+02 4.631409e+02 -1 -1 -1 -1
55 -1 1.326259e+03 1.026884e+02 1.518784e+02 3.891931e+02 -1 -1 -1 -1
55 -1 1.033216e+03 3.128397e+02 2.448246e+02 1.754138e+02 -1 -1 -1 -1
56 -1 7.333195e+02 2.676956e+02 3.412656e+02 4.083302e+02 -1 -1 -1 -1
56 -1 1.329078e+03 1.009496e+02 1.543348e+02 3.905219e+02 -1 -1 -1 -1
56 -1 1.039843e+03 3.041881e+02 2.711362e+02 1.830922e+02 -1 -1 -1 -1
57 -1 7.042051e+02 3.320273e+02 4.309459e+02 3.220991e+02 -1 -1 -1 -1
57 -1 1.118122e+03 2.661704e+02 1.705753e+02 2.226727e+02 -1 -1 -1 -1
57 -1 1.338935e+03 1.055642e+02 1.513820e+02 3.863066e+02 -1 -1 -1 -1
58 -1 7.178705e+02 4.022098e+02 4.887382e+02 2.944231e+02 -1 -1 -1 -1
58 -1 1.337932e+03 9.774989e+01 1.494058e+02 3.916612e+02 -1 -1 -1 -1
58 -1 1.136282e+03 1.886058e+02 1.449522e+02 2.983214e+02 -1 -1 -1 -1
59 -1 7.434250e+02 4.860645e+02 5.119336e+02 2.540601e+02 -1 -1 -1 -1
59 -1 1.124845e+03 1.721628e+02 1.478547e+02 3.079289e+02 -1 -1 -1 -1
59 -1 1.343394e+03 9.341914e+01 1.419731e+02 3.979755e+02 -1 -1 -1 -1
60 -1 9.964538e+02 2.642484e+02 2.381470e+02 2.236956e+02 -1 -1 -1 -1
60 -1 1.335821e+03 9.838984e+01 1.538239e+02 3.938223e+02 -1 -1 -1 -1
60 -1 8.472152e+02 4.806103e+02 4.431228e+02 2.476932e+02 -1 -1 -1 -1
61 -1 9.715462e+02 2.895526e+02 2.837540e+02 1.924815e+02 -1 -1 -1 -1
61 -1 1.340143e+03 1.050801e+02 1.541762e+02 3.772179e+02 -1 -1 -1 -1
61 -1 8.205291e+02 4.839693e+02 4.902468e+02 2.272595e+02 -1 -1 -1 -1
62 -1 8.960954e+02 3.053010e+02 3.356083e+02 1.956893e+02 -1 -1 -1 -1
62 -1 1.327169e+03 1.005915e+02 1.672943e+02 3.813071e+02 -1 -1 -1 -1
62 -1 8.448306e+02 5.180176e+02 4.794965e+02 2.065916e+02 -1 -1 -1 -1
63 -1 1.332497e+03 9.943126e+01 1.575888e+02 3.768875e+02 -1 -1 -1 -1
63 -1 8.433381e+02 5.177493e+02 5.453519e+02 2.092062e+02 -1 -1 -1 -1
63 -1 8.445428e+02 3.096270e+02 3.303501e+02 1.748164e+02 -1 -1 -1 -1
64 -1 1.334635e+03 1.037773e+02 1.569493e+02 3.902726e+02 -1 -1 -1 -1
64 -1 8.258734e+02 5.605945e+02 5.592297e+02 1.818407e+02 -1 -1 -1 -1
64 -1 8.610292e+02 3.205370e+02 3.304134e+02 1.641000e+02 -1 -1 -1 -1
65 -1 1.328925e+03 1.034571e+02 1.673282e+02 3.894799e+02 -1 -1 -1 -1
65 -1 8.515375e+02 3.309377e+02 3.324142e+02 1.437246e+02 -1 -1 -1 -1
65 -1 7.908246e+02 5.792828e+02 5.740173e+02 1.840135e+02 -1 -1 -1 -1
66 -1 1.318080e+03 1.065505e+02 1.928364e+02 3.899254e+02 -1 -1 -1 -1
66 -1 8.074717e+02 5.666147e+02 5.697386e+02 1.778234e+02 -1 -1 -1 -1
66 -1 8.246800e+02 3.108750e+02 3.703899e+02 1.622399e+02 -1 -1 -1 -1
67 -1 8.285044e+02 2.901823e+02 3.488952e+02 1.924929e+02 -1 -1 -1 -1
67 -1 1.311764e+03 1.070339e+02 1.948407e+02 3.933987e+02 -1 -1 -1 -1
67 -1 1.045511e+03 5.557993e+02 3.044025e+02 1.862717e+02 -1 -1 -1 -1
67 -1 8.488099e+02 5.606395e+02 4.265513e+02 1.679682e+02 -1 -1 -1 -1
68 -1 1.311234e+03 1.008174e+02 1.753363e+02 3.988521e+02 -1 -1 -1 -1
68 -1 8.519211e+02 2.880201e+02 3.239664e+02 1.935219e+02 -1 -1 -1 -1
68 -1 8.397786e+02 5.543260e+02 4.432773e+02 1.770623e+02 -1 -1 -1 -1
69 -1 8.582459e+02 2.816510e+02 3.192380e+02 1.967059e+02 -1 -1 -1 -1
69 -1 1.310947e+03 1.028976e+02 1.707836e+02 3.965323e+02 -1 -1 -1 -1
69 -1 8.559834e+02 5.125950e+02 4.334786e+02 2.394408e+02 -1 -1 -1 -1
70 -1 1.306828e+03 1.061982e+02 1.762093e+02 4.011553e+02 -1 -1 -1 -1
70 -1 8.684781e+02 2.900792e+02 3.075316e+02 1.938795e+02 -1 -1 -1 -1
70 -1 8.360156e+02 4.888753e+02 4.175020e+02 2.551375e+02 -1 -1 -1 -1
71 -1 1.305278e+03 1.060493e+02 1.832270e+02 4.014662e+02 -1 -1 -1 -1
71 -1 8.542485e+02 4.753399e+02 3.745697e+02 2.700642e+02 -1 -1 -1 -1
71 -1 8.884133e+02 2.867896e+02 2.684726e+02 1.927213e+02 -1 -1 -1 -1
72 -1 8.755242e+02 4.534948e+02 3.356711e+02 2.747632e+02 -1 -1 -1 -1
72 -1 1.319683e+03 1.045770e+02 1.815280e+02 3.975513e+02 -1 -1 -1 -1
72 -1 9.648533e+02 2.405482e+02 1.730617e+02 2.330090e+02 -1 -1 -1 -1
73 -1 8.229003e+02 4.243720e+02 3.512814e+02 2.956663e+02 -1 -1 -1 -1
73 -1 1.330197e+03 1.018840e+02 1.634425e+02 3.947784e+02 -1 -1 -1 -1
73 -1 9.450656e+02 2.125273e+02 1.992243e+02 2.763141e+02 -1 -1 -1 -1
74 -1 8.706987e+02 3.968871e+02 2.961028e+02 3.062615e+02 -1 -1 -1 -1
74 -1 1.330464e+03 1.024993e+02 1.543149e+02 3.906806e+02 -1 -1 -1 -1
74 -1 8.598941e+02 1.926882e+02 2.425060e+02 2.957514e+02 -1 -1 -1 -1
75 -1 1.338156e+03 1.037513e+02 1.467725e+02 3.950265e+02 -1 -1 -1 -1
75 -1 8.571341e+02 1.469873e+02 2.248517e+02 3.367027e+02 -1 -1 -1 -1
75 -1 8.345135e+02 3.809418e+02 3.149606e+02 3.110418e+02 -1 -1 -1 -1
76 -1 8.209452e+02 3.859728e+02 3.190560e+02 3.168745e+02 -1 -1 -1 -1
76 -1 1.323414e+03 1.034302e+02 1.489581e+02 3.774828e+02 -1 -1 -1 -1
76 -1 8.977473e+02 1.049713e+02 1.628355e+02 3.473948e+02 -1 -1 -1 -1
77 -1 7.901106e+02 4.008055e+02 3.310434e+02 3.078236e+02 -1 -1 -1 -1
77 -1 1.328182e+03 9.631346e+01 1.435442e+02 3.985797e+02 -1 -1 -1 -1
77 -1 8.979852e+02 7.947498e+01 1.543066e+02 3.819893e+02 -1 -1 -1 -1
78 -1 7.959689e+02 3.252191e+02 3.017199e+02 3.744396e+02 -1 -1 -1 -1
78 -1 1.333061e+03 9.958173e+01 1.374614e+02 3.948401e+02 -1 -1 -1 -1
78 -1 8.623782e+02 1.363878e+02 2.127435e+02 2.331496e+02 -1 -1 -1 -1
79 -1 8.466454e+02 2.412033e+02 2.440818e+02 4.543190e+02 -1 -1 -1 -1
79 -1 1.325662e+03 1.009332e+02 1.333614e+02 3.837474e+02 -1 -1 -1 -1
79 -1 8.497124e+02 1.435515e+02 1.351935e+02 2.207147e+02 -1 -1 -1 -1
80 -1 1.309821e+03 9.594424e+01 1.449859e+02 3.782132e+02 -1 -1 -1 -1
80 -1 8.247600e+02 1.122414e+02 2.349335e+02 5.743215e+02 -1 -1 -1 -1
80 -1 7.696450e+02 3.928948e+01 2.218049e+02 4.575451e+02 -1 -1 -1 -1
81 -1 8.575746e+02 8.343075e+01 1.863175e+02 5.965234e+02 -1 -1 -1 -1
81 -1 1.327595e+03 1.004917e+02 1.364722e+02 3.787296e+02 -1 -1 -1 -1
81 -1 7.960999e+02 0 2.608137e+02 6.255414e+02 -1 -1 -1 -1
81 -1 7.833121e+02 7.939703e-01 2.341324e+02 4.576199e+02 -1 -1 -1 -1
82 -1 8.477245e+02 9.822058e+01 1.792484e+02 5.670621e+02 -1 -1 -1 -1
82 -1 1.319689e+03 9.660862e+01 1.452871e+02 3.945384e+02 -1 -1 -1 -1
82 -1 8.152001e+02 7.027441e+01 1.067891e+02 4.394073e+02 -1 -1 -1 -1
83 -1 8.398208e+02 1.342047e+02 1.456092e+02 5.387783e+02 -1 -1 -1 -1
83 -1 1.300365e+03 1.000916e+02 1.542723e+02 3.755576e+02 -1 -1 -1 -1
83 -1 7.872684e+02 1.108604e+02 1.142480e+02 4.027169e+02 -1 -1 -1 -1
83 -1 7.950228e+02 1.241500e+02 1.413121e+02 4.858060e+02 -1 -1 -1 -1
84 -1 7.517467e+02 8.698383e+01 2.373767e+02 6.040440e+02 -1 -1 -1 -1
84 -1 1.311882e+03 9.713535e+01 1.436719e+02 3.690079e+02 -1 -1 -1 -1
84 -1 7.694904e+02 6.332781e+01 2.470452e+02 2.156110e+02 -1 -1 -1 -1
84 -1 7.544794e+02 8.872625e+01 2.511825e+02 3.817015e+02 -1 -1 -1 -1
85 -1 7.194813e+02 1.579216e+02 2.416789e+02 5.113089e+02 -1 -1 -1 -1
85 -1 1.323799e+03 9.771342e+01 1.366795e+02 3.798916e+02 -1 -1 -1 -1
85 -1 8.702162e+02 1.575341e+02 1.237919e+02 1.291871e+02 -1 -1 -1 -1
86 -1 7.048342e+02 1.924204e+02 2.906713e+02 4.880465e+02 -1 -1 -1 -1
86 -1 1.311666e+03 9.782178e+01 1.481023e+02 3.683793e+02 -1 -1 -1 -1
86 -1 8.307670e+02 1.092573e+02 1.556915e+02 2.277782e+02 -1 -1 -1 -1
87 -1 6.769123e+02 8.947645e+00 3.438971e+02 3.784195e+02 -1 -1 -1 -1
87 -1 7.475345e+02 3.417390e+02 3.057067e+02 3.623148e+02 -1 -1 -1 -1
87 -1 1.309674e+03 1.020407e+02 1.751356e+02 3.797288e+02 -1 -1 -1 -1
88 -1 1.293589e+03 1.039774e+02 1.863059e+02 3.892028e+02 -1 -1 -1 -1
88 -1 8.139835e+02 1.217748e+01 1.228212e+02 4.628609e+02 -1 -1 -1 -1
88 -1 8.054063e+02 4.215434e+02 2.861284e+02 3.405816e+02 -1 -1 -1 -1
89 -1 1.296882e+03 1.013934e+02 1.653424e+02 3.754156e+02 -1 -1 -1 -1
89 -1 8.196280e+02 1.006562e+02 1.270142e+02 4.156231e+02 -1 -1 -1 -1
89 -1 7.860312e+02 5.124005e+02 3.583395e+02 2.515555e+02 -1 -1 -1 -1
90 -1 1.299875e+03 1.006417e+02 1.624775e+02 3.736318e+02 -1 -1 -1 -1
90 -1 8.085154e+02 8.081752e+01 1.282302e+02 4.351099e+02 -1 -1 -1 -1
90 -1 7.960302e+02 5.307780e+02 4.050387e+02 2.287754e+02 -1 -1 -1 -1
91 -1 7.295004e+02 8.356060e+01 2.070898e+02 4.256721e+02 -1 -1 -1 -1
91 -1 1.297945e+03 9.925414e+01 1.817514e+02 3.729718e+02 -1 -1 -1 -1
91 -1 8.094421e+02 5.395845e+02 5.254383e+02 1.890136e+02 -1 -1 -1 -1
92 -1 7.171189e+02 1.262129e+02 2.514016e+02 3.965907e+02 -1 -1 -1 -1
92 -1 1.305686e+03 9.651916e+01 1.832890e+02 3.777639e+02 -1 -1 -1 -1
92 -1 8.049433e+02 4.851387e+02 5.359577e+02 2.433329e+02 -1 -1 -1 -1
93 -1 8.216345e+02 1.053505e+02 2.087423e+02 4.172332e+02 -1 -1 -1 -1
93 -1 1.309952e+03 9.516856e+01 1.750408e+02 3.861485e+02 -1 -1 -1 -1
93 -1 7.761548e+02 4.920935e+02 5.254472e+02 2.450381e+02 -1 -1 -1 -1
93 -1 1.024546e+03 5.092162e+02 2.839590e+02 2.475474e+02 -1 -1 -1 -1
94 -1 7.979898e+02 4.351505e+00 2.559608e+02 4.878500e+02 -1 -1 -1 -1
94 -1 1.312546e+03 9.606898e+01 1.593793e+02 3.892764e+02 -1 -1 -1 -1
94 -1 1.022374e+03 5.169206e+02 2.905252e+02 2.405741e+02 -1 -1 -1 -1
94 -1 7.851305e+02 5.127338e+02 5.085265e+02 2.292849e+02 -1 -1 -1 -1
95 -1 8.057628e+02 9.238696e+00 1.483097e+02 4.556406e+02 -1 -1 -1 -1
95 -1 1.306020e+03 9.965538e+01 1.646947e+02 3.999486e+02 -1 -1 -1 -1
95 -1 8.116812e+02 4.983524e+02 4.367463e+02 2.477133e+02 -1 -1 -1 -1
96 -1 8.368324e+02 9.969884e+01 1.470432e+02 4.044175e+02 -1 -1 -1 -1
96 -1 1.309815e+03 9.832539e+01 1.760843e+02 4.039055e+02 -1 -1 -1 -1
96 -1 7.838068e+02 4.618775e+02 4.065607e+02 2.633238e+02 -1 -1 -1 -1
96 -1 1.000707e+03 4.563778e+02 1.877467e+02 2.749884e+02 -1 -1 -1 -1
97 -1 8.432145e+02 8.629640e+01 1.462864e+02 4.211223e+02 -1 -1 -1 -1
97 -1 1.304578e+03 9.860666e+01 1.920710e+02 4.096133e+02 -1 -1 -1 -1
97 -1 7.755242e+02 4.337484e+02 3.595103e+02 2.881211e+02 -1 -1 -1 -1
97 -1 1.014962e+03 4.323542e+02 1.312340e+02 2.966785e+02 -1 -1 -1 -1
98 -1 8.347193e+02 7.094593e+01 1.404440e+02 4.335368e+02 -1 -1 -1 -1
98 -1 1.324151e+03 1.053150e+02 1.735815e+02 3.949268e+02 -1 -1 -1 -1
98 -1 7.848376e+02 4.066013e+02 3.125340e+02 2.974672e+02 -1 -1 -1 -1
99 -1 8.307597e+02 7.338626e+01 1.301399e+02 4.295558e+02 -1 -1 -1 -1
99 -1 1.331550e+03 9.916333e+01 1.668549e+02 4.085122e+02 -1 -1 -1 -1
99 -1 9.698341e+02 3.863384e+02 1.293796e+02 3.339520e+02 -1 -1 -1 -1
99 -1 8.075805e+02 4.046198e+02 2.756742e+02 2.978490e+02 -1 -1 -1 -1
100 -1 7.861191e+02 6.058432e+01 1.723164e+02 4.498067e+02 -1 -1 -1 -1
100 -1 7.711675e+02 3.697547e+02 3.082383e+02 3.345663e+02 -1 -1 -1 -1
100 -1 1.330275e+03 1.006222e+02 1.466988e+02 3.973156e+02 -1 -1 -1 -1
101 -1 1.327261e+03 1.049262e+02 1.339222e+02 3.762642e+02 -1 -1 -1 -1
101 -1 8.065846e+02 6.226880e+01 1.790554e+02 3.965419e+02 -1 -1 -1 -1
101 -1 8.101155e+02 3.994669e+02 2.273419e+02 2.915307e+02 -1 -1 -1 -1
101 -1 7.555643e+02 4.009992e+02 1.843276e+02 2.406465e+02 -1 -1 -1 -1
102 -1 6.596529e+02 3.646693e+02 3.361391e+02 3.147049e+02 -1 -1 -1 -1
102 -1 1.324040e+03 1.046951e+02 1.368951e+02 3.690933e+02 -1 -1 -1 -1
102 -1 8.764972e+02 5.828390e+01 1.348642e+02 3.896213e+02 -1 -1 -1 -1
103 -1 6.860310e+02 2.920718e+02 2.880414e+02 3.898149e+02 -1 -1 -1 -1
103 -1 1.324453e+03 9.878235e+01 1.405543e+02 3.748948e+02 -1 -1 -1 -1
103 -1 8.896612e+02 5.480050e+01 1.384313e+02 4.362967e+02 -1 -1 -1 -1
104 -1 7.267179e+02 1.792350e+02 2.260537e+02 4.988029e+02 -1 -1 -1 -1
104 -1 1.316860e+03 1.071018e+02 1.552013e+02 3.595894e+02 -1 -1 -1 -1
104 -1 9.102559e+02 6.381765e+01 1.107804e+02 3.946347e+02 -1 -1 -1 -1
105 -1 7.193926e+02 1.192951e+02 2.101722e+02 5.631454e+02 -1 -1 -1 -1
105 -1 1.298442e+03 1.064418e+02 1.654720e+02 3.796512e+02 -1 -1 -1 -1
105 -1 9.202296e+02 6.976366e+01 1.035143e+02 3.838923e+02 -1 -1 -1 -1
106 -1 6.813286e+02 8.820576e+01 2.266690e+02 6.012764e+02 -1 -1 -1 -1
106 -1 9.203756e+02 6.357273e+01 1.459586e+02 3.983097e+02 -1 -1 -1 -1
106 -1 1.293480e+03 1.010441e+02 1.618879e+02 3.872155e+02 -1 -1 -1 -1
107 -1 6.263147e+02 8.686178e+01 2.935911e+02 5.962829e+02 -1 -1 -1 -1
107 -1 1.295786e+03 1.014511e+02 1.608790e+02 4.005134e+02 -1 -1 -1 -1
107 -1 9.248608e+02 5.887207e+01 1.195132e+02 4.018757e+02 -1 -1 -1 -1
108 -1 6.613887e+02 1.104525e+02 2.851067e+02 5.665968e+02 -1 -1 -1 -1
108 -1 1.293208e+03 1.030677e+02 1.767822e+02 3.955541e+02 -1 -1 -1 -1
108 -1 9.081295e+02 5.610723e+01 1.141232e+02 3.918596e+02 -1 -1 -1 -1
109 -1 7.291857e+02 2.492263e+02 2.547133e+02 4.377380e+02 -1 -1 -1 -1
109 -1 1.285996e+03 1.090194e+02 1.980764e+02 3.954255e+02 -1 -1 -1 -1
109 -1 8.505800e+02 5.649295e+01 1.521655e+02 2.690803e+02 -1 -1 -1 -1
110 -1 7.277086e+02 3.763031e+02 3.150132e+02 3.429174e+02 -1 -1 -1 -1
110 -1 1.284794e+03 1.138948e+02 1.753040e+02 3.879373e+02 -1 -1 -1 -1
110 -1 8.784249e+02 6.423918e+01 1.271810e+02 3.437453e+02 -1 -1 -1 -1
111 -1 1.281981e+03 1.128291e+02 1.724327e+02 3.938216e+02 -1 -1 -1 -1
111 -1 7.216556e+02 4.468957e+02 3.341406e+02 2.965265e+02 -1 -1 -1 -1
111 -1 8.786862e+02 6.189479e+01 1.257335e+02 3.915277e+02 -1 -1 -1 -1
112 -1 1.281876e+03 1.121415e+02 1.694600e+02 3.957441e+02 -1 -1 -1 -1
112 -1 8.631105e+02 6.437766e+01 1.370239e+02 3.977462e+02 -1 -1 -1 -1
112 -1 7.941919e+02 4.803087e+02 2.996247e+02 2.631398e+02 -1 -1 -1 -1
113 -1 8.543804e+02 7.129220e+01 1.559484e+02 3.954160e+02 -1 -1 -1 -1
113 -1 1.284651e+03 1.178968e+02 2.009200e+02 3.932098e+02 -1 -1 -1 -1
113 -1 9.213696e+02 5.319778e+02 2.696407e+02 2.059048e+02 -1 -1 -1 -1
113 -1 7.826258e+02 5.372065e+02 4.411792e+02 1.765048e+02 -1 -1 -1 -1
114 -1 8.558735e+02 7.259382e+01 1.598148e+02 3.953349e+02 -1 -1 -1 -1
114 -1 1.294000e+03 1.277705e+02 2.165529e+02 3.939433e+02 -1 -1 -1 -1
114 -1 7.495909e+02 5.241422e+02 5.415047e+02 2.324817e+02 -1 -1 -1 -1
114 -1 7.357395e+02 5.183123e+02 4.212456e+02 1.732683e+02 -1 -1 -1 -1
115 -1 8.644034e+02 6.971344e+01 1.538975e+02 4.007091e+02 -1 -1 -1 -1
115 -1 7.370397e+02 5.083614e+02 5.823857e+02 2.535175e+02 -1 -1 -1 -1
115 -1 1.299087e+03 1.227169e+02 2.071928e+02 4.125353e+02 -1 -1 -1 -1
116 -1 1.294238e+03 1.269831e+02 1.892150e+02 4.017508e+02 -1 -1 -1 -1
116 -1 8.875687e+02 6.891698e+01 1.456982e+02 4.000387e+02 -1 -1 -1 -1
116 -1 7.597895e+02 5.268179e+02 5.243736e+02 2.160459e+02 -1 -1 -1 -1
117 -1 1.296829e+03 1.279626e+02 1.772241e+02 4.139964e+02 -1 -1 -1 -1
117 -1 7.945660e+02 5.182852e+02 4.411201e+02 2.424281e+02 -1 -1 -1 -1
117 -1 9.064475e+02 6.974664e+01 1.456336e+02 3.926633e+02 -1 -1 -1 -1
118 -1 1.298641e+03 1.258194e+02 1.900914e+02 4.248695e+02 -1 -1 -1 -1
118 -1 8.014281e+02 4.960962e+02 3.779865e+02 2.352237e+02 -1 -1 -1 -1
118 -1 9.166449e+02 6.650940e+01 1.469362e+02 4.031636e+02 -1 -1 -1 -1
119 -1 1.295212e+03 1.285472e+02 1.952545e+02 4.152850e+02 -1 -1 -1 -1
119 -1 9.261045e+02 6.879652e+01 1.567074e+02 4.049735e+02 -1 -1 -1 -1
119 -1 7.303003e+02 4.822190e+02 4.255907e+02 2.479760e+02 -1 -1 -1 -1
120 -1 1.276554e+03 1.279065e+02 2.037781e+02 4.395457e+02 -1 -1 -1 -1
120 -1 9.385035e+02 6.981380e+01 1.475612e+02 4.094634e+02 -1 -1 -1 -1
120 -1 7.631134e+02 4.488146e+02 3.343276e+02 2.786451e+02 -1 -1 -1 -1
120 -1 9.346573e+02 4.415988e+02 1.686992e+02 2.949495e+02 -1 -1 -1 -1
121 -1 1.272518e+03 1.333935e+02 1.823300e+02 4.338279e+02 -1 -1 -1 -1
121 -1 9.430583e+02 7.234223e+01 1.418539e+02 3.609263e+02 -1 -1 -1 -1
121 -1 7.536752e+02 3.928284e+02 3.138376e+02 3.306845e+02 -1 -1 -1 -1
122 -1 1.273287e+03 1.325092e+02 1.851146e+02 4.491042e+02 -1 -1 -1 -1
122 -1 7.354647e+02 3.714345e+02 3.019346e+02 3.586878e+02 -1 -1 -1 -1
122 -1 9.402993e+02 6.898685e+01 1.387633e+02 3.874719e+02 -1 -1 -1 -1
123 -1 1.274506e+03 1.342603e+02 1.835614e+02 4.481468e+02 -1 -1 -1 -1
123 -1 9.393776e+02 7.212513e+01 1.290591e+02 3.852299e+02 -1 -1 -1 -1
123 -1 8.592678e+02 3.717585e+02 1.621557e+02 3.376959e+02 -1 -1 -1 -1
123 -1 7.519181e+02 3.666136e+02 2.201783e+02 3.086347e+02 -1 -1 -1 -1
124 -1 1.263921e+03 1.355734e+02 2.023803e+02 4.503539e+02 -1 -1 -1 -1
124 -1 9.367742e+02 7.558540e+01 1.277085e+02 4.087308e+02 -1 -1 -1 -1
124 -1 7.027372e+02 3.545307e+02 3.163285e+02 3.273860e+02 -1 -1 -1 -1
125 -1 1.246055e+03 1.438576e+02 2.041118e+02 4.482737e+02 -1 -1 -1 -1
125 -1 6.587982e+02 3.033573e+02 3.092727e+02 3.734028e+02 -1 -1 -1 -1
125 -1 9.331661e+02 7.292496e+01 1.379198e+02 4.118063e+02 -1 -1 -1 -1
126 -1 1.240432e+03 1.405344e+02 1.978764e+02 4.608498e+02 -1 -1 -1 -1
126 -1 7.075189e+02 2.006612e+02 1.913400e+02 4.356917e+02 -1 -1 -1 -1
126 -1 9.516642e+02 7.662820e+01 1.573418e+02 4.092257e+02 -1 -1 -1 -1
127 -1 1.245207e+03 1.402081e+02 1.963978e+02 4.952599e+02 -1 -1 -1 -1
127 -1 6.975932e+02 1.368237e+02 2.064780e+02 4.842352e+02 -1 -1 -1 -1
127 -1 9.609040e+02 8.345335e+01 1.534362e+02 4.034711e+02 -1 -1 -1 -1
128 -1 6.878681e+02 1.020609e+02 1.986313e+02 5.244084e+02 -1 -1 -1 -1
128 -1 1.247818e+03 1.465242e+02 2.126642e+02 4.834955e+02 -1 -1 -1 -1
128 -1 9.724651e+02 8.378553e+01 1.815097e+02 4.015425e+02 -1 -1 -1 -1
129 -1 6.844394e+02 8.620793e+01 2.246098e+02 5.163114e+02 -1 -1 -1 -1
129 -1 1.237702e+03 1.590664e+02 2.239563e+02 4.898568e+02 -1 -1 -1 -1
129 -1 1.021757e+03 8.215247e+01 1.586332e+02 4.136407e+02 -1 -1 -1 -1
130 -1 1.229932e+03 1.672479e+02 2.238602e+02 4.932958e+02 -1 -1 -1 -1
130 -1 6.982251e+02 7.335563e+01 2.707661e+02 5.060374e+02 -1 -1 -1 -1
130 -1 1.043200e+03 1.026565e+02 1.455045e+02 4.006186e+02 -1 -1 -1 -1
131 -1 1.233596e+03 1.827954e+02 2.409565e+02 5.297140e+02 -1 -1 -1 -1
131 -1 7.449138e+02 7.684232e+01 1.946720e+02 4.866046e+02 -1 -1 -1 -1
131 -1 1.046256e+03 1.059647e+02 1.610326e+02 4.086930e+02 -1 -1 -1 -1
132 -1 7.930308e+02 7.073612e+01 1.766430e+02 4.907001e+02 -1 -1 -1 -1
132 -1 1.247704e+03 1.953328e+02 2.520694e+02 5.265145e+02 -1 -1 -1 -1
132 -1 1.099999e+03 1.082341e+02 1.577513e+02 4.062579e+02 -1 -1 -1 -1
133 -1 8.517101e+02 5.410477e+01 1.530503e+02 4.484306e+02 -1 -1 -1 -1
133 -1 1.263006e+03 2.254397e+02 2.495872e+02 5.497215e+02 -1 -1 -1 -1
133 -1 1.111329e+03 1.151569e+02 2.337943e+02 4.133221e+02 -1 -1 -1 -1
134 -1 8.640672e+02 5.949121e+01 1.771007e+02 4.399087e+02 -1 -1 -1 -1
134 -1 1.260866e+03 2.217636e+02 2.407464e+02 5.631313e+02 -1 -1 -1 -1
134 -1 1.187221e+03 1.227075e+02 2.166399e+02 3.643232e+02 -1 -1 -1 -1
135 -1 1.252240e+03 2.374483e+02 2.572044e+02 6.214886e+02 -1 -1 -1 -1
135 -1 8.860810e+02 5.689174e+01 2.035650e+02 4.379178e+02 -1 -1 -1 -1
135 -1 1.192425e+03 1.381897e+02 2.543694e+02 3.891223e+02 -1 -1 -1 -1
136 -1 1.261087e+03 2.609362e+02 2.909175e+02 6.360396e+02 -1 -1 -1 -1
136 -1 9.687290e+02 6.587920e+01 1.595604e+02 4.279923e+02 -1 -1 -1 -1
136 -1 1.282770e+03 1.423595e+02 2.065116e+02 3.489675e+02 -1 -1 -1 -1
136 -1 1.270912e+03 1.909114e+02 2.457024e+02 5.547286e+02 -1 -1 -1 -1
137 -1 9.848872e+02 7.344786e+01 1.781074e+02 4.401482e+02 -1 -1 -1 -1
137 -1 1.259138e+03 2.802363e+02 3.071407e+02 6.820690e+02 -1 -1 -1 -1
137 -1 1.334296e+03 1.579473e+02 2.031802e+02 2.527106e+02 -1 -1 -1 -1
138 -1 1.062328e+03 6.854616e+01 2.066924e+02 4.690812e+02 -1 -1 -1 -1
138 -1 1.232823e+03 3.050375e+02 3.151353e+02 6.583985e+02 -1 -1 -1 -1
138 -1 1.400792e+03 1.813743e+02 1.991682e+02 3.333420e+02 -1 -1 -1 -1
139 -1 1.219236e+03 3.489567e+02 3.261209e+02 6.658869e+02 -1 -1 -1 -1
139 -1 1.104061e+03 8.044695e+01 2.452535e+02 5.079974e+02 -1 -1 -1 -1
139 -1 1.410356e+03 2.065365e+02 2.458660e+02 6.352604e+02 -1 -1 -1 -1
139 -1 1.343568e+03 2.446091e+02 2.836327e+02 6.947651e+02 -1 -1 -1 -1
140 -1 1.197299e+03 3.799452e+02 3.549108e+02 6.403826e+02 -1 -1 -1 -1
140 -1 1.164845e+03 8.074570e+01 1.760438e+02 5.137644e+02 -1 -1 -1 -1
140 -1 1.425690e+03 2.286835e+02 2.495934e+02 4.736937e+02 -1 -1 -1 -1
140 -1 1.332271e+03 2.538969e+02 3.047015e+02 7.392711e+02 -1 -1 -1 -1
141 -1 1.139867e+03 4.190801e+02 3.763786e+02 6.049199e+02 -1 -1 -1 -1
141 -1 1.423409e+03 2.624069e+02 2.679675e+02 7.472024e+02 -1 -1 -1 -1
141 -1 1.199368e+03 9.501868e+01 2.186932e+02 5.080087e+02 -1 -1 -1 -1
142 -1 1.356781e+03 3.266729e+02 4.293901e+02 6.973271e+02 -1 -1 -1 -1
142 -1 1.105599e+03 4.179889e+02 3.008132e+02 5.917461e+02 -1 -1 -1 -1
142 -1 1.228087e+03 1.121155e+02 2.445628e+02 4.425142e+02 -1 -1 -1 -1
143 -1 9.427883e+02 4.461746e+02 3.774928e+02 5.778254e+02 -1 -1 -1 -1
143 -1 1.246531e+03 1.179751e+02 2.745417e+02 6.387298e+02 -1 -1 -1 -1
143 -1 1.352438e+03 3.637184e+02 4.749703e+02 6.602816e+02 -1 -1 -1 -1
144 -1 1.255867e+03 1.521369e+02 2.826089e+02 6.410143e+02 -1 -1 -1 -1
144 -1 1.367018e+03 4.035611e+02 4.773912e+02 6.183419e+02 -1 -1 -1 -1
144 -1 8.241568e+02 4.978340e+02 3.656630e+02 5.190655e+02 -1 -1 -1 -1
145 -1 1.265838e+03 1.646518e+02 3.125858e+02 6.968475e+02 -1 -1 -1 -1
145 -1 1.343325e+03 4.421589e+02 5.543200e+02 5.684757e+02 -1 -1 -1 -1
145 -1 7.649400e+02 5.100141e+02 2.709132e+02 5.059773e+02 -1 -1 -1 -1
146 -1 1.238934e+03 2.096110e+02 3.626067e+02 7.649617e+02 -1 -1 -1 -1
146 -1 1.351274e+03 4.976280e+02 5.665178e+02 5.263720e+02 -1 -1 -1 -1
146 -1 6.169489e+02 5.117780e+02 3.217869e+02 4.872935e+02 -1 -1 -1 -1
146 -1 1.328674e+03 3.285143e+02 4.487572e+02 6.453939e+02 -1 -1 -1 -1
147 -1 1.250134e+03 2.193256e+02 3.712138e+02 7.756327e+02 -1 -1 -1 -1
147 -1 5.350923e+02 4.862287e+02 3.207913e+02 5.173764e+02 -1 -1 -1 -1
147 -1 1.371395e+03 5.941569e+02 5.264355e+02 4.298431e+02 -1 -1 -1 -1
147 -1 1.611146e+03 6.169510e+02 2.925883e+02 3.985084e+02 -1 -1 -1 -1
147 -1 1.308023e+03 3.581678e+02 4.630483e+02 6.538920e+02 -1 -1 -1 -1
