1 -1 1.457269e+03 2.221979e+02 3.398854e+02 6.411487e+02 -1 -1 -1 -1
1 -1 1.651167e+03 5.211463e+02 2.688334e+02 4.905057e+02 -1 -1 -1 -1
2 -1 1.419936e+03 2.193034e+02 3.352245e+02 6.062554e+02 -1 -1 -1 -1
2 -1 1.662114e+03 5.039336e+02 2.578863e+02 5.196842e+02 -1 -1 -1 -1
2 -1 1.595871e+03 4.014016e+02 3.203204e+02 5.600563e+02 -1 -1 -1 -1
3 -1 1.417864e+03 2.148120e+02 2.656421e+02 5.860828e+02 -1 -1 -1 -1
3 -1 1.647780e+03 5.385618e+02 2.722196e+02 4.839149e+02 -1 -1 -1 -1
3 -1 1.585659e+03 3.851171e+02 3.343412e+02 6.061687e+02 -1 -1 -1 -1
4 -1 1.642532e+03 4.759018e+02 2.774684e+02 5.295382e+02 -1 -1 -1 -1
4 -1 1.401502e+03 1.935867e+02 2.229760e+02 5.398378e+02 -1 -1 -1 -1
5 -1 1.294187e+03 1.942506e+02 2.563559e+02 5.186173e+02 -1 -1 -1 -1
5 -1 1.627667e+03 4.130750e+02 2.923335e+02 6.071316e+02 -1 -1 -1 -1
6 -1 1.591026e+03 4.078751e+02 3.242910e+02 6.161249e+02 -1 -1 -1 -1
6 -1 1.266821e+03 1.874462e+02 2.325275e+02 5.172673e+02 -1 -1 -1 -1
7 -1 1.576595e+03 4.005749e+02 3.434050e+02 6.120883e+02 -1 -1 -1 -1
7 -1 1.258073e+03 1.778928e+02 2.067856e+02 5.266456e+02 -1 -1 -1 -1
8 -1 1.563872e+03 3.731702e+02 3.547595e+02 6.388904e+02 -1 -1 -1 -1
8 -1 1.236377e+03 1.550293e+02 1.833595e+02 4.978694e+02 -1 -1 -1 -1
9 -1 1.552379e+03 3.474602e+02 3.604486e+02 6.250895e+02 -1 -1 -1 -1
9 -1 1.152810e+03 1.703301e+02 2.247746e+02 4.688373e+02 -1 -1 -1 -1
10 -1 1.120198e+03 1.735392e+02 2.184611e+02 4.672739e+02 -1 -1 -1 -1
10 -1 1.507636e+03 3.316121e+02 3.751987e+02 6.128883e+02 -1 -1 -1 -1
10 -1 1.804526e+03 7.163105e+02 1.154366e+02 2.965345e+02 -1 -1 -1 -1
11 -1 1.111936e+03 1.804573e+02 1.865002e+02 4.482644e+02 -1 -1 -1 -1
11 -1 1.500939e+03 3.254780e+02 3.589112e+02 6.201276e+02 -1 -1 -1 -1
11 -1 1.669425e+03 7.004527e+02 2.505755e+02 3.154922e+02 -1 -1 -1 -1
11 -1 1.589964e+03 4.881545e+02 3.300358e+02 5.181447e+02 -1 -1 -1 -1
12 -1 1.095472e+03 1.619385e+02 1.644296e+02 4.565932e+02 -1 -1 -1 -1
12 -1 1.529647e+03 2.950479e+02 3.012096e+02 5.865271e+02 -1 -1 -1 -1
12 -1 1.604924e+03 4.036296e+02 2.946611e+02 5.530527e+02 -1 -1 -1 -1
13 -1 9.879585e+02 1.740634e+02 2.293968e+02 4.499410e+02 -1 -1 -1 -1
13 -1 1.469701e+03 2.819000e+02 3.245231e+02 5.864251e+02 -1 -1 -1 -1
13 -1 1.610689e+03 3.486741e+02 3.093110e+02 6.741846e+02 -1 -1 -1 -1
13 -1 1.547836e+03 3.639255e+02 3.166862e+02 5.624448e+02 -1 -1 -1 -1
14 -1 9.638018e+02 1.709606e+02 2.255491e+02 4.625087e+02 -1 -1 -1 -1
14 -1 1.450554e+03 2.831107e+02 2.888862e+02 5.573918e+02 -1 -1 -1 -1
14 -1 1.599856e+03 3.039002e+02 3.198889e+02 6.926895e+02 -1 -1 -1 -1
15 -1 9.618587e+02 1.665323e+02 1.936528e+02 4.752236e+02 -1 -1 -1 -1
15 -1 1.558704e+03 3.092238e+02 3.612956e+02 6.751526e+02 -1 -1 -1 -1
15 -1 1.434345e+03 2.629629e+02 2.740178e+02 5.148368e+02 -1 -1 -1 -1
16 -1 8.773993e+02 1.597690e+02 2.382312e+02 4.947711e+02 -1 -1 -1 -1
16 -1 1.538009e+03 2.913535e+02 3.244405e+02 6.757089e+02 -1 -1 -1 -1
16 -1 1.406163e+03 2.447441e+02 2.680062e+02 5.284955e+02 -1 -1 -1 -1
17 -1 8.842412e+02 1.634482e+02 2.264593e+02 5.085642e+02 -1 -1 -1 -1
17 -1 1.526267e+03 2.635914e+02 2.923810e+02 6.212598e+02 -1 -1 -1 -1
17 -1 1.405422e+03 2.391143e+02 2.304838e+02 4.751136e+02 -1 -1 -1 -1
18 -1 9.070309e+02 1.714808e+02 2.040910e+02 5.290804e+02 -1 -1 -1 -1
18 -1 1.469420e+03 2.551002e+02 3.129758e+02 6.039935e+02 -1 -1 -1 -1
18 -1 1.376931e+03 2.349196e+02 2.336401e+02 4.717177e+02 -1 -1 -1 -1
18 -1 1.427620e+03 2.451224e+02 2.507037e+02 5.371466e+02 -1 -1 -1 -1
19 -1 9.122932e+02 1.793051e+02 2.040527e+02 5.387814e+02 -1 -1 -1 -1
19 -1 1.432622e+03 2.453763e+02 3.045067e+02 6.053522e+02 -1 -1 -1 -1
19 -1 1.356777e+03 2.240604e+02 2.247318e+02 4.758153e+02 -1 -1 -1 -1
20 -1 8.936177e+02 2.400049e+02 2.230211e+02 4.796333e+02 -1 -1 -1 -1
20 -1 1.409912e+03 2.384908e+02 2.419972e+02 5.165215e+02 -1 -1 -1 -1
20 -1 1.340408e+03 2.128531e+02 2.159198e+02 4.682393e+02 -1 -1 -1 -1
21 -1 8.741219e+02 3.385035e+02 2.043822e+02 3.884051e+02 -1 -1 -1 -1
21 -1 1.324575e+03 2.183793e+02 1.992226e+02 4.559378e+02 -1 -1 -1 -1
21 -1 1.396326e+03 2.312805e+02 2.332299e+02 5.325827e+02 -1 -1 -1 -1
22 -1 8.283232e+02 2.431145e+02 2.575798e+02 4.845616e+02 -1 -1 -1 -1
22 -1 1.327189e+03 2.234083e+02 2.403337e+02 5.083088e+02 -1 -1 -1 -1
22 -1 1.323073e+03 2.206614e+02 2.044276e+02 3.662554e+02 -1 -1 -1 -1
23 -1 8.549540e+02 4.038227e+01 2.504768e+02 5.871169e+02 -1 -1 -1 -1
23 -1 1.288114e+03 2.191495e+02 2.244967e+02 4.910721e+02 -1 -1 -1 -1
24 -1 1.201872e+03 2.199997e+02 2.692529e+02 4.608983e+02 -1 -1 -1 -1
24 -1 8.927478e+02 7.259587e+00 2.068646e+02 6.291378e+02 -1 -1 -1 -1
24 -1 1.393145e+03 2.117652e+02 1.164816e+02 4.335470e+02 -1 -1 -1 -1
25 -1 8.858270e+02 1.585266e+02 2.156007e+02 5.540609e+02 -1 -1 -1 -1
25 -1 1.201157e+03 1.983226e+02 1.533712e+02 4.543106e+02 -1 -1 -1 -1
25 -1 1.329223e+03 2.024892e+02 1.700269e+02 4.244488e+02 -1 -1 -1 -1
26 -1 8.860922e+02 2.875914e+02 1.968839e+02 4.308973e+02 -1 -1 -1 -1
26 -1 1.115863e+03 1.941151e+02 2.035373e+02 4.491486e+02 -1 -1 -1 -1
26 -1 1.297901e+03 2.018527e+02 1.848566e+02 4.261880e+02 -1 -1 -1 -1
27 -1 8.892436e+02 2.136186e+02 2.056691e+02 5.021070e+02 -1 -1 -1 -1
27 -1 1.084660e+03 1.911220e+02 1.998260e+02 4.321275e+02 -1 -1 -1 -1
27 -1 1.284155e+03 1.951031e+02 1.893560e+02 4.397563e+02 -1 -1 -1 -1
28 -1 8.732578e+02 1.906495e+02 2.434937e+02 5.252393e+02 -1 -1 -1 -1
28 -1 1.282263e+03 1.969140e+02 1.791660e+02 4.044291e+02 -1 -1 -1 -1
28 -1 1.090322e+03 1.633781e+02 9.859383e+01 4.185318e+02 -1 -1 -1 -1
29 -1 1.263343e+03 1.978147e+02 1.774033e+02 4.021681e+02 -1 -1 -1 -1
29 -1 8.793428e+02 2.323187e+02 2.262085e+02 4.830405e+02 -1 -1 -1 -1
29 -1 1.016071e+03 1.756085e+02 1.547246e+02 3.780614e+02 -1 -1 -1 -1
30 -1 8.686256e+02 3.510478e+02 2.062550e+02 3.775801e+02 -1 -1 -1 -1
30 -1 1.252061e+03 1.929310e+02 1.689175e+02 3.966387e+02 -1 -1 -1 -1
30 -1 9.531295e+02 1.813128e+02 1.290392e+02 2.936952e+02 -1 -1 -1 -1
31 -1 8.339912e+02 2.244809e+02 2.516320e+02 5.022713e+02 -1 -1 -1 -1
31 -1 1.233424e+03 1.848692e+02 1.814507e+02 4.070542e+02 -1 -1 -1 -1
32 -1 8.500359e+02 3.169626e+01 2.454524e+02 5.857761e+02 -1 -1 -1 -1
32 -1 1.228943e+03 1.854551e+02 1.653596e+02 4.039998e+02 -1 -1 -1 -1
32 -1 8.358008e+02 3.224037e+02 8.943752e+01 2.162194e+02 -1 -1 -1 -1
33 -1 8.812545e+02 4.666455e+01 2.414713e+02 6.200891e+02 -1 -1 -1 -1
33 -1 1.220826e+03 1.758333e+02 1.662096e+02 3.914299e+02 -1 -1 -1 -1
34 -1 8.836811e+02 2.690067e+02 2.291908e+02 4.528186e+02 -1 -1 -1 -1
34 -1 1.204950e+03 1.801561e+02 1.650389e+02 3.807254e+02 -1 -1 -1 -1
34 -1 7.818335e+02 2.725463e+02 1.453902e+02 2.455283e+02 -1 -1 -1 -1
35 -1 8.904751e+02 1.957392e+02 1.955775e+02 5.192721e+02 -1 -1 -1 -1
35 -1 1.187774e+03 1.751530e+02 1.671423e+02 3.721913e+02 -1 -1 -1 -1
35 -1 6.839831e+02 2.848838e+02 2.105470e+02 2.437846e+02 -1 -1 -1 -1
36 -1 8.685734e+02 1.778617e+02 2.430785e+02 5.425331e+02 -1 -1 -1 -1
36 -1 1.176801e+03 1.724892e+02 1.622090e+02 3.735590e+02 -1 -1 -1 -1
36 -1 6.796481e+02 2.827701e+02 2.235434e+02 2.648021e+02 -1 -1 -1 -1
37 -1 8.680293e+02 2.532226e+02 2.422646e+02 4.757471e+02 -1 -1 -1 -1
37 -1 1.193280e+03 1.714113e+02 1.476675e+02 3.431695e+02 -1 -1 -1 -1
37 -1 7.298399e+02 3.734024e+02 1.842911e+02 1.447198e+02 -1 -1 -1 -1
38 -1 8.554014e+02 3.553535e+02 2.300160e+02 3.693828e+02 -1 -1 -1 -1
38 -1 1.193675e+03 1.673624e+02 1.399947e+02 3.531757e+02 -1 -1 -1 -1
38 -1 7.801251e+02 3.697100e+02 1.472371e+02 1.431197e+02 -1 -1 -1 -1
39 -1 8.572474e+02 1.725950e+02 2.309425e+02 5.496877e+02 -1 -1 -1 -1
39 -1 1.191419e+03 1.672094e+02 1.310065e+02 3.445498e+02 -1 -1 -1 -1
39 -1 8.260411e+02 3.761643e+02 9.463737e+01 1.621923e+02 -1 -1 -1 -1
40 -1 1.169560e+03 1.609860e+02 1.339222e+02 3.462579e+02 -1 -1 -1 -1
40 -1 8.672646e+02 8.303343e+00 2.240289e+02 6.134164e+02 -1 -1 -1 -1
41 -1 8.705254e+02 1.041416e+02 2.203766e+02 5.921678e+02 -1 -1 -1 -1
41 -1 1.175038e+03 1.576256e+02 1.253524e+02 3.469884e+02 -1 -1 -1 -1
42 -1 8.661635e+02 3.057143e+02 2.118899e+02 4.228993e+02 -1 -1 -1 -1
42 -1 1.159545e+03 1.590895e+02 1.366674e+02 3.287986e+02 -1 -1 -1 -1
43 -1 8.662952e+02 2.046658e+02 2.078556e+02 5.207505e+02 -1 -1 -1 -1
43 -1 1.156378e+03 1.508298e+02 1.305457e+02 3.394409e+02 -1 -1 -1 -1
43 -1 9.989038e+02 1.679097e+02 6.447510e+01 1.433546e+02 -1 -1 -1 -1
44 -1 8.631116e+02 1.594998e+02 2.427528e+02 5.693834e+02 -1 -1 -1 -1
44 -1 1.157086e+03 1.524483e+02 1.160694e+02 3.351581e+02 -1 -1 -1 -1
44 -1 9.966720e+02 1.396931e+02 6.596329e+01 1.445421e+02 -1 -1 -1 -1
45 -1 8.716335e+02 2.051719e+02 2.330630e+02 5.256311e+02 -1 -1 -1 -1
45 -1 1.131686e+03 1.541212e+02 1.251265e+02 3.309847e+02 -1 -1 -1 -1
46 -1 8.252410e+02 2.079567e+02 2.379620e+02 5.208074e+02 -1 -1 -1 -1
46 -1 1.143395e+03 1.556667e+02 1.019863e+02 3.344379e+02 -1 -1 -1 -1
47 -1 8.161986e+02 2.137530e+02 2.481033e+02 5.185413e+02 -1 -1 -1 -1
47 -1 1.136588e+03 1.572457e+02 1.043884e+02 3.288457e+02 -1 -1 -1 -1
48 -1 7.704040e+02 2.004810e+02 2.097132e+02 5.543029e+02 -1 -1 -1 -1
48 -1 1.144239e+03 1.536638e+02 1.117772e+02 3.269699e+02 -1 -1 -1 -1
48 -1 7.670860e+02 4.233004e+02 1.022161e+02 1.000336e+02 -1 -1 -1 -1
49 -1 7.610786e+02 1.954272e+02 1.882915e+02 5.989630e+02 -1 -1 -1 -1
49 -1 1.155494e+03 1.497854e+02 1.150532e+02 3.351641e+02 -1 -1 -1 -1
50 -1 7.238647e+02 2.062382e+02 2.602716e+02 5.816472e+02 -1 -1 -1 -1
50 -1 1.155909e+03 1.505922e+02 1.182291e+02 3.341048e+02 -1 -1 -1 -1
51 -1 7.169635e+02 1.867009e+02 2.983741e+02 6.067414e+02 -1 -1 -1 -1
51 -1 1.161874e+03 1.500028e+02 1.089956e+02 3.250031e+02 -1 -1 -1 -1
52 -1 7.693973e+02 2.005092e+02 2.366932e+02 5.945733e+02 -1 -1 -1 -1
52 -1 1.169093e+03 1.473189e+02 9.934433e+01 3.303603e+02 -1 -1 -1 -1
53 -1 7.992399e+02 2.182838e+02 2.600589e+02 5.686763e+02 -1 -1 -1 -1
53 -1 1.164592e+03 1.462812e+02 1.012727e+02 3.328294e+02 -1 -1 -1 -1
54 -1 8.058255e+02 2.523267e+02 2.598283e+02 5.095244e+02 -1 -1 -1 -1
54 -1 1.177997e+03 1.452678e+02 8.246132e+01 3.329424e+02 -1 -1 -1 -1
55 -1 8.172217e+02 3.043463e+02 2.585884e+02 4.547214e+02 -1 -1 -1 -1
55 -1 1.160194e+03 1.567701e+02 9.099678e+01 3.203935e+02 -1 -1 -1 -1
55 -1 9.524558e+02 3.065793e+02 7.808693e+01 5.874081e+01 -1 -1 -1 -1
56 -1 8.177237e+02 3.337890e+02 2.993142e+02 4.369130e+02 -1 -1 -1 -1
56 -1 1.159729e+03 1.557228e+02 9.057678e+01 3.206117e+02 -1 -1 -1 -1
57 -1 8.149309e+02 3.653211e+02 4.021468e+02 4.016479e+02 -1 -1 -1 -1
57 -1 1.155777e+03 1.476709e+02 8.365654e+01 3.288131e+02 -1 -1 -1 -1
57 -1 1.001613e+03 3.097000e+02 1.178510e+02 1.230832e+02 -1 -1 -1 -1
58 -1 8.177789e+02 4.386451e+02 4.659750e+02 3.291840e+02 -1 -1 -1 -1
58 -1 1.006625e+03 2.474559e+02 1.369201e+02 2.130584e+02 -1 -1 -1 -1
58 -1 1.155913e+03 1.433461e+02 8.503143e+01 3.525497e+02 -1 -1 -1 -1
59 -1 9.991332e+02 2.383957e+02 1.742168e+02 2.758771e+02 -1 -1 -1 -1
59 -1 1.164971e+03 1.413403e+02 7.928055e+01 3.384807e+02 -1 -1 -1 -1
59 -1 8.332875e+02 4.735500e+02 4.514765e+02 2.713294e+02 -1 -1 -1 -1
60 -1 9.035489e+02 3.270405e+02 2.107759e+02 1.986556e+02 -1 -1 -1 -1
60 -1 1.159697e+03 1.463657e+02 9.477310e+01 3.355184e+02 -1 -1 -1 -1
60 -1 9.368704e+02 4.705938e+02 3.612915e+02 2.640983e+02 -1 -1 -1 -1
60 -1 1.051319e+03 4.845343e+02 2.499513e+02 2.234887e+02 -1 -1 -1 -1
61 -1 8.767248e+02 3.555450e+02 2.348062e+02 1.729356e+02 -1 -1 -1 -1
61 -1 1.157086e+03 1.510321e+02 1.093114e+02 3.384589e+02 -1 -1 -1 -1
61 -1 9.174552e+02 4.929893e+02 4.110214e+02 2.484010e+02 -1 -1 -1 -1
62 -1 1.140799e+03 1.463712e+02 1.228954e+02 3.348251e+02 -1 -1 -1 -1
62 -1 7.775854e+02 3.937505e+02 3.299593e+02 1.422844e+02 -1 -1 -1 -1
62 -1 9.079712e+02 5.108378e+02 4.368530e+02 2.216349e+02 -1 -1 -1 -1
63 -1 1.140412e+03 1.510071e+02 1.160431e+02 3.254090e+02 -1 -1 -1 -1
63 -1 9.371250e+02 5.203038e+02 4.187308e+02 2.134329e+02 -1 -1 -1 -1
63 -1 7.114359e+02 4.106772e+02 3.691007e+02 1.180743e+02 -1 -1 -1 -1
64 -1 1.140274e+03 1.504607e+02 1.090901e+02 3.229655e+02 -1 -1 -1 -1
64 -1 9.751884e+02 5.297222e+02 4.060641e+02 2.163168e+02 -1 -1 -1 -1
64 -1 7.142690e+02 4.100322e+02 3.474512e+02 1.185437e+02 -1 -1 -1 -1
65 -1 9.781916e+02 5.756049e+02 4.264407e+02 1.820703e+02 -1 -1 -1 -1
65 -1 1.144845e+03 1.541243e+02 1.141898e+02 3.218858e+02 -1 -1 -1 -1
65 -1 6.702977e+02 4.167890e+02 3.930892e+02 1.129525e+02 -1 -1 -1 -1
66 -1 9.679926e+02 5.517726e+02 4.401970e+02 2.002625e+02 -1 -1 -1 -1
66 -1 1.141059e+03 1.577291e+02 1.282361e+02 3.234469e+02 -1 -1 -1 -1
66 -1 6.825296e+02 4.092773e+02 3.770659e+02 1.263938e+02 -1 -1 -1 -1
66 -1 6.871799e+02 4.127572e+02 2.102622e+02 1.218930e+02 -1 -1 -1 -1
66 -1 7.252992e+02 4.159775e+02 1.491454e+02 8.248755e+01 -1 -1 -1 -1
67 -1 1.146233e+03 1.581223e+02 1.271761e+02 3.272554e+02 -1 -1 -1 -1
67 -1 6.984296e+02 3.819960e+02 3.681127e+02 1.616883e+02 -1 -1 -1 -1
67 -1 9.720727e+02 5.292157e+02 4.164008e+02 2.169989e+02 -1 -1 -1 -1
67 -1 9.410783e+02 6.568481e+02 9.090843e+01 1.060561e+02 -1 -1 -1 -1
67 -1 1.307848e+03 5.650596e+02 7.494186e+01 7.417572e+01 -1 -1 -1 -1
68 -1 1.149207e+03 1.577074e+02 1.220130e+02 3.339265e+02 -1 -1 -1 -1
68 -1 7.509125e+02 3.687503e+02 3.260869e+02 1.778277e+02 -1 -1 -1 -1
68 -1 9.536672e+02 5.141175e+02 4.068901e+02 2.254745e+02 -1 -1 -1 -1
68 -1 1.093052e+03 5.277634e+02 2.595177e+02 2.018033e+02 -1 -1 -1 -1
68 -1 9.275932e+02 6.520867e+02 1.098157e+02 1.150186e+02 -1 -1 -1 -1
69 -1 1.150813e+03 1.574816e+02 1.146343e+02 3.327027e+02 -1 -1 -1 -1
69 -1 7.432916e+02 3.684529e+02 3.334436e+02 1.753582e+02 -1 -1 -1 -1
69 -1 9.264674e+02 5.680207e+02 4.121196e+02 1.852148e+02 -1 -1 -1 -1
69 -1 1.087499e+03 5.204003e+02 2.540554e+02 2.122099e+02 -1 -1 -1 -1
70 -1 1.150746e+03 1.572941e+02 1.100377e+02 3.356679e+02 -1 -1 -1 -1
70 -1 7.453866e+02 3.637762e+02 3.231410e+02 1.822997e+02 -1 -1 -1 -1
70 -1 9.549061e+02 4.988670e+02 3.627379e+02 2.530752e+02 -1 -1 -1 -1
70 -1 1.157815e+03 5.093031e+02 1.686262e+02 2.211344e+02 -1 -1 -1 -1
71 -1 9.128032e+02 4.952261e+02 4.046162e+02 2.528384e+02 -1 -1 -1 -1
71 -1 1.148887e+03 1.571470e+02 1.214731e+02 3.312615e+02 -1 -1 -1 -1
71 -1 7.851268e+02 3.594272e+02 2.744942e+02 1.826129e+02 -1 -1 -1 -1
72 -1 9.779743e+02 4.939846e+02 3.027839e+02 2.600756e+02 -1 -1 -1 -1
72 -1 1.146980e+03 1.590416e+02 1.325965e+02 3.264803e+02 -1 -1 -1 -1
72 -1 8.608522e+02 3.368287e+02 1.993861e+02 2.021350e+02 -1 -1 -1 -1
73 -1 9.139672e+02 4.807644e+02 3.547511e+02 2.698210e+02 -1 -1 -1 -1
73 -1 1.153979e+03 1.512905e+02 1.233426e+02 3.250905e+02 -1 -1 -1 -1
73 -1 8.603772e+02 2.923269e+02 1.896201e+02 2.586414e+02 -1 -1 -1 -1
74 -1 8.170891e+02 2.859626e+02 2.229371e+02 2.906451e+02 -1 -1 -1 -1
74 -1 9.743359e+02 4.426858e+02 2.798314e+02 3.088761e+02 -1 -1 -1 -1
74 -1 1.154235e+03 1.471617e+02 1.124512e+02 3.399523e+02 -1 -1 -1 -1
75 -1 7.850115e+02 2.553267e+02 2.331528e+02 3.158254e+02 -1 -1 -1 -1
75 -1 9.379262e+02 4.258727e+02 3.012429e+02 3.271845e+02 -1 -1 -1 -1
75 -1 1.152628e+03 1.473169e+02 1.039620e+02 3.365874e+02 -1 -1 -1 -1
76 -1 9.208351e+02 4.378947e+02 3.132095e+02 3.123698e+02 -1 -1 -1 -1
76 -1 8.094192e+02 2.110950e+02 1.894277e+02 3.538434e+02 -1 -1 -1 -1
76 -1 1.155701e+03 1.484997e+02 1.013976e+02 3.371865e+02 -1 -1 -1 -1
77 -1 8.779882e+02 4.609863e+02 3.310556e+02 2.960281e+02 -1 -1 -1 -1
77 -1 8.164483e+02 1.817279e+02 1.792500e+02 4.108114e+02 -1 -1 -1 -1
77 -1 1.141754e+03 1.492279e+02 1.261910e+02 3.491148e+02 -1 -1 -1 -1
78 -1 9.340971e+02 4.134516e+02 2.751011e+02 3.346396e+02 -1 -1 -1 -1
78 -1 7.665698e+02 2.113647e+02 2.154700e+02 3.776902e+02 -1 -1 -1 -1
78 -1 1.143712e+03 1.521512e+02 1.005725e+02 3.397461e+02 -1 -1 -1 -1
79 -1 9.746133e+02 3.383238e+02 2.186208e+02 4.097038e+02 -1 -1 -1 -1
79 -1 7.835473e+02 2.669072e+02 1.721735e+02 3.219521e+02 -1 -1 -1 -1
79 -1 1.151707e+03 1.466646e+02 9.024078e+01 3.331962e+02 -1 -1 -1 -1
80 -1 9.830648e+02 2.620109e+02 2.012720e+02 4.886692e+02 -1 -1 -1 -1
80 -1 7.845000e+02 1.716477e+02 1.755279e+02 4.168416e+02 -1 -1 -1 -1
80 -1 1.141445e+03 1.412796e+02 9.315720e+01 3.073707e+02 -1 -1 -1 -1
81 -1 9.847128e+02 1.894140e+02 1.716293e+02 5.569009e+02 -1 -1 -1 -1
81 -1 6.636253e+02 4.366893e+01 3.343181e+02 4.816538e+02 -1 -1 -1 -1
81 -1 1.146466e+03 1.493246e+02 8.594994e+01 3.232108e+02 -1 -1 -1 -1
82 -1 9.650995e+02 1.883092e+02 1.759476e+02 5.685816e+02 -1 -1 -1 -1
82 -1 7.287391e+02 1.348082e+02 1.992705e+02 4.756677e+02 -1 -1 -1 -1
82 -1 1.146855e+03 1.456650e+02 8.785606e+01 3.322403e+02 -1 -1 -1 -1
83 -1 9.427261e+02 2.009506e+02 1.813992e+02 5.457348e+02 -1 -1 -1 -1
83 -1 7.593520e+02 2.009437e+02 1.680448e+02 4.070428e+02 -1 -1 -1 -1
83 -1 1.136052e+03 1.484051e+02 1.012802e+02 3.225160e+02 -1 -1 -1 -1
84 -1 8.538515e+02 2.415895e+02 2.510799e+02 5.120084e+02 -1 -1 -1 -1
84 -1 7.506425e+02 1.720259e+02 2.140508e+02 4.380135e+02 -1 -1 -1 -1
84 -1 1.136837e+03 1.466006e+02 1.042973e+02 3.247643e+02 -1 -1 -1 -1
85 -1 8.312773e+02 2.727817e+02 2.465195e+02 4.869685e+02 -1 -1 -1 -1
85 -1 6.568688e+02 2.308358e+02 2.328717e+02 3.753443e+02 -1 -1 -1 -1
85 -1 1.127932e+03 1.493347e+02 1.094131e+02 3.258610e+02 -1 -1 -1 -1
86 -1 8.490172e+02 2.931136e+02 2.712397e+02 4.781731e+02 -1 -1 -1 -1
86 -1 7.564820e+02 2.092816e+02 1.702700e+02 4.018750e+02 -1 -1 -1 -1
86 -1 1.131430e+03 1.498383e+02 1.106078e+02 3.230728e+02 -1 -1 -1 -1
87 -1 7.372790e+02 9.402945e+01 1.741016e+02 4.835429e+02 -1 -1 -1 -1
87 -1 8.435994e+02 4.020921e+02 3.437929e+02 3.739035e+02 -1 -1 -1 -1
87 -1 1.134878e+03 1.498662e+02 1.097564e+02 3.248024e+02 -1 -1 -1 -1
88 -1 7.351602e+02 5.525249e+01 1.459655e+02 4.943147e+02 -1 -1 -1 -1
88 -1 1.134543e+03 1.491484e+02 1.192916e+02 3.310365e+02 -1 -1 -1 -1
88 -1 8.133643e+02 4.782280e+02 4.172386e+02 3.049278e+02 -1 -1 -1 -1
89 -1 7.715154e+02 1.907010e+02 1.669664e+02 4.289999e+02 -1 -1 -1 -1
89 -1 1.129373e+03 1.553803e+02 1.087436e+02 3.235939e+02 -1 -1 -1 -1
89 -1 8.008055e+02 5.308505e+02 4.584472e+02 2.498963e+02 -1 -1 -1 -1
90 -1 1.129820e+03 1.542339e+02 1.079768e+02 3.227163e+02 -1 -1 -1 -1
90 -1 7.671136e+02 1.729587e+02 1.078994e+02 4.410817e+02 -1 -1 -1 -1
90 -1 8.296050e+02 5.373911e+02 4.683545e+02 2.425668e+02 -1 -1 -1 -1
91 -1 1.127030e+03 1.516203e+02 1.182317e+02 3.167778e+02 -1 -1 -1 -1
91 -1 7.508685e+02 1.691829e+02 1.267168e+02 4.451893e+02 -1 -1 -1 -1
91 -1 8.792171e+02 5.546693e+02 4.662032e+02 2.217761e+02 -1 -1 -1 -1
91 -1 1.146762e+03 5.575449e+02 2.066808e+02 2.018086e+02 -1 -1 -1 -1
92 -1 1.134500e+03 1.493817e+02 1.250823e+02 3.298133e+02 -1 -1 -1 -1
92 -1 6.760900e+02 2.084963e+02 2.393576e+02 4.022736e+02 -1 -1 -1 -1
92 -1 9.420086e+02 5.559899e+02 4.035908e+02 2.153589e+02 -1 -1 -1 -1
92 -1 1.184083e+03 5.587561e+02 1.741157e+02 1.903054e+02 -1 -1 -1 -1
93 -1 1.139777e+03 1.501892e+02 1.168082e+02 3.299860e+02 -1 -1 -1 -1
93 -1 7.661242e+02 2.622413e+02 1.393824e+02 3.512932e+02 -1 -1 -1 -1
93 -1 9.325057e+02 5.664009e+02 2.845654e+02 2.206908e+02 -1 -1 -1 -1
93 -1 1.162822e+03 5.311676e+02 2.225755e+02 2.348331e+02 -1 -1 -1 -1
93 -1 8.947421e+02 5.387659e+02 4.675642e+02 2.948698e+02 -1 -1 -1 -1
94 -1 1.093895e+03 5.361992e+02 2.560423e+02 2.271077e+02 -1 -1 -1 -1
94 -1 1.136670e+03 1.536146e+02 1.070496e+02 3.260692e+02 -1 -1 -1 -1
94 -1 7.757723e+02 9.798286e+01 1.599102e+02 4.912783e+02 -1 -1 -1 -1
94 -1 9.032034e+02 5.855672e+02 2.926576e+02 2.070114e+02 -1 -1 -1 -1
94 -1 9.127279e+02 5.321417e+02 4.318748e+02 2.517350e+02 -1 -1 -1 -1
95 -1 7.696511e+02 4.342339e+01 1.169495e+02 5.010397e+02 -1 -1 -1 -1
95 -1 1.022903e+03 5.054077e+02 2.919775e+02 2.569954e+02 -1 -1 -1 -1
95 -1 1.133103e+03 1.495966e+02 1.126643e+02 3.287212e+02 -1 -1 -1 -1
95 -1 8.708635e+02 5.864321e+02 3.164167e+02 2.115367e+02 -1 -1 -1 -1
95 -1 8.752287e+02 4.869721e+02 4.299407e+02 2.930957e+02 -1 -1 -1 -1
96 -1 1.133308e+03 1.532876e+02 1.150584e+02 3.322180e+02 -1 -1 -1 -1
96 -1 7.815747e+02 1.558606e+02 1.202438e+02 4.413674e+02 -1 -1 -1 -1
96 -1 8.597100e+02 4.826310e+02 4.176278e+02 2.935450e+02 -1 -1 -1 -1
97 -1 7.794467e+02 1.873285e+02 1.481319e+02 4.112186e+02 -1 -1 -1 -1
97 -1 1.139007e+03 1.537900e+02 1.378997e+02 3.341192e+02 -1 -1 -1 -1
97 -1 8.909760e+02 4.680761e+02 3.562299e+02 3.158514e+02 -1 -1 -1 -1
98 -1 8.569308e+02 4.712348e+02 3.611602e+02 2.950779e+02 -1 -1 -1 -1
98 -1 7.711898e+02 1.654220e+02 1.473386e+02 4.342602e+02 -1 -1 -1 -1
98 -1 1.129758e+03 1.524043e+02 1.483092e+02 3.280423e+02 -1 -1 -1 -1
99 -1 1.142583e+03 1.467824e+02 1.274874e+02 3.302649e+02 -1 -1 -1 -1
99 -1 7.627264e+02 1.707192e+02 1.310241e+02 4.294309e+02 -1 -1 -1 -1
99 -1 9.676284e+02 4.464753e+02 2.312714e+02 2.988616e+02 -1 -1 -1 -1
99 -1 8.303668e+02 4.580475e+02 3.737356e+02 2.907586e+02 -1 -1 -1 -1
99 -1 1.049750e+03 4.472303e+02 1.592784e+02 2.815045e+02 -1 -1 -1 -1
100 -1 1.141264e+03 1.517415e+02 1.218878e+02 3.284536e+02 -1 -1 -1 -1
100 -1 7.576041e+02 1.704466e+02 1.250782e+02 4.257406e+02 -1 -1 -1 -1
100 -1 8.407354e+02 4.388633e+02 3.469544e+02 3.198418e+02 -1 -1 -1 -1
100 -1 9.930476e+02 4.398482e+02 2.100385e+02 3.051842e+02 -1 -1 -1 -1
101 -1 8.403961e+02 4.742876e+02 3.037164e+02 2.845923e+02 -1 -1 -1 -1
101 -1 1.134817e+03 1.487912e+02 1.063696e+02 3.274988e+02 -1 -1 -1 -1
101 -1 7.625978e+02 1.686350e+02 1.111737e+02 4.248915e+02 -1 -1 -1 -1
102 -1 8.249562e+02 4.802255e+02 2.905735e+02 2.824908e+02 -1 -1 -1 -1
102 -1 1.142732e+03 1.481523e+02 9.909554e+01 3.337866e+02 -1 -1 -1 -1
102 -1 7.813410e+02 1.533192e+02 1.217434e+02 4.239101e+02 -1 -1 -1 -1
103 -1 7.959931e+02 4.169247e+02 2.975911e+02 3.483839e+02 -1 -1 -1 -1
103 -1 1.144056e+03 1.515506e+02 9.708092e+01 3.315160e+02 -1 -1 -1 -1
103 -1 7.860386e+02 1.526076e+02 1.306057e+02 4.058052e+02 -1 -1 -1 -1
104 -1 8.302439e+02 3.265596e+02 2.480596e+02 4.387120e+02 -1 -1 -1 -1
104 -1 1.139464e+03 1.481316e+02 1.181582e+02 3.351997e+02 -1 -1 -1 -1
104 -1 7.896739e+02 1.609023e+02 1.240152e+02 3.897054e+02 -1 -1 -1 -1
105 -1 8.513727e+02 2.421522e+02 2.358156e+02 5.299783e+02 -1 -1 -1 -1
105 -1 1.135999e+03 1.522988e+02 1.086701e+02 3.376610e+02 -1 -1 -1 -1
105 -1 7.924767e+02 1.586654e+02 1.143140e+02 3.747586e+02 -1 -1 -1 -1
106 -1 7.927304e+02 2.052722e+02 2.695625e+02 5.544377e+02 -1 -1 -1 -1
106 -1 1.129995e+03 1.523873e+02 1.155693e+02 3.377263e+02 -1 -1 -1 -1
106 -1 7.944157e+02 1.434220e+02 1.064201e+02 2.467135e+02 -1 -1 -1 -1
107 -1 7.557399e+02 1.836789e+02 2.788074e+02 5.818147e+02 -1 -1 -1 -1
107 -1 1.132183e+03 1.515256e+02 1.142899e+02 3.323915e+02 -1 -1 -1 -1
107 -1 7.505714e+02 1.453554e+02 1.523623e+02 3.828601e+02 -1 -1 -1 -1
107 -1 7.843738e+02 1.476295e+02 1.187415e+02 2.816107e+02 -1 -1 -1 -1
108 -1 8.316169e+02 2.175372e+02 2.497174e+02 5.514636e+02 -1 -1 -1 -1
108 -1 1.139020e+03 1.585413e+02 1.248848e+02 3.435368e+02 -1 -1 -1 -1
108 -1 7.814977e+02 1.436576e+02 1.003435e+02 3.874840e+02 -1 -1 -1 -1
109 -1 8.400080e+02 2.920656e+02 2.941331e+02 4.845390e+02 -1 -1 -1 -1
109 -1 7.533285e+02 1.489878e+02 1.414022e+02 3.826969e+02 -1 -1 -1 -1
109 -1 1.139805e+03 1.576925e+02 1.369924e+02 3.485188e+02 -1 -1 -1 -1
110 -1 7.575760e+02 1.528647e+02 1.233117e+02 3.942003e+02 -1 -1 -1 -1
110 -1 1.147563e+03 1.628572e+02 1.274426e+02 3.394372e+02 -1 -1 -1 -1
110 -1 8.045274e+02 4.467222e+02 3.905688e+02 3.302992e+02 -1 -1 -1 -1
111 -1 1.142482e+03 1.660626e+02 1.205397e+02 3.347707e+02 -1 -1 -1 -1
111 -1 7.624700e+02 1.574411e+02 1.176212e+02 3.868655e+02 -1 -1 -1 -1
111 -1 7.950810e+02 5.154180e+02 4.313723e+02 2.694208e+02 -1 -1 -1 -1
112 -1 1.139365e+03 1.680070e+02 1.164118e+02 3.398230e+02 -1 -1 -1 -1
112 -1 7.535108e+02 1.627189e+02 1.253729e+02 3.826243e+02 -1 -1 -1 -1
112 -1 8.056619e+02 5.247125e+02 4.098049e+02 2.537924e+02 -1 -1 -1 -1
113 -1 1.143102e+03 1.667635e+02 1.348235e+02 3.414295e+02 -1 -1 -1 -1
113 -1 7.465904e+02 1.628676e+02 1.408268e+02 3.882268e+02 -1 -1 -1 -1
113 -1 9.499456e+02 5.330310e+02 3.354572e+02 2.321959e+02 -1 -1 -1 -1
113 -1 8.262827e+02 5.746818e+02 3.693611e+02 2.022596e+02 -1 -1 -1 -1
114 -1 8.813983e+02 5.626537e+02 4.880299e+02 2.009068e+02 -1 -1 -1 -1
114 -1 1.157701e+03 1.689179e+02 1.367981e+02 3.393488e+02 -1 -1 -1 -1
114 -1 7.483925e+02 1.666163e+02 1.546207e+02 3.895046e+02 -1 -1 -1 -1
115 -1 1.162754e+03 1.727494e+02 1.359698e+02 3.490493e+02 -1 -1 -1 -1
115 -1 7.503303e+02 1.660878e+02 1.658740e+02 3.822009e+02 -1 -1 -1 -1
115 -1 8.937353e+02 5.616523e+02 4.584464e+02 2.133088e+02 -1 -1 -1 -1
116 -1 1.164714e+03 1.707332e+02 1.310891e+02 3.525026e+02 -1 -1 -1 -1
116 -1 7.723400e+02 1.620131e+02 1.440458e+02 3.812413e+02 -1 -1 -1 -1
116 -1 9.034690e+02 5.653555e+02 4.618885e+02 2.162893e+02 -1 -1 -1 -1
117 -1 8.067072e+02 1.583871e+02 1.212467e+02 3.850168e+02 -1 -1 -1 -1
117 -1 1.167601e+03 1.750596e+02 1.227052e+02 3.432292e+02 -1 -1 -1 -1
117 -1 8.721877e+02 5.671480e+02 4.610332e+02 2.230475e+02 -1 -1 -1 -1
117 -1 1.087734e+03 5.545125e+02 2.438363e+02 2.458259e+02 -1 -1 -1 -1
118 -1 8.107439e+02 1.488665e+02 1.288291e+02 4.002259e+02 -1 -1 -1 -1
118 -1 1.173411e+03 1.718529e+02 1.295908e+02 3.537447e+02 -1 -1 -1 -1
118 -1 8.235005e+02 5.375119e+02 4.678065e+02 2.498635e+02 -1 -1 -1 -1
118 -1 1.004485e+03 5.118608e+02 2.869453e+02 2.672166e+02 -1 -1 -1 -1
119 -1 8.153516e+02 1.517973e+02 1.237755e+02 3.964316e+02 -1 -1 -1 -1
119 -1 8.615968e+02 4.970146e+02 4.154411e+02 2.849574e+02 -1 -1 -1 -1
119 -1 1.177477e+03 1.779554e+02 1.469195e+02 3.544128e+02 -1 -1 -1 -1
120 -1 1.184808e+03 1.768531e+02 1.383980e+02 3.636211e+02 -1 -1 -1 -1
120 -1 8.320017e+02 1.574592e+02 1.173386e+02 3.913860e+02 -1 -1 -1 -1
120 -1 8.315040e+02 4.972879e+02 4.008669e+02 2.826124e+02 -1 -1 -1 -1
120 -1 1.000527e+03 4.977981e+02 2.328399e+02 2.792251e+02 -1 -1 -1 -1
121 -1 1.183808e+03 1.781426e+02 1.275066e+02 3.624080e+02 -1 -1 -1 -1
121 -1 8.234857e+02 4.668126e+02 3.530415e+02 3.058168e+02 -1 -1 -1 -1
121 -1 8.349497e+02 1.576351e+02 1.164967e+02 3.933553e+02 -1 -1 -1 -1
121 -1 1.005798e+03 4.715860e+02 1.930023e+02 2.937278e+02 -1 -1 -1 -1
122 -1 1.181580e+03 1.823764e+02 1.339675e+02 3.761560e+02 -1 -1 -1 -1
122 -1 8.414088e+02 1.589273e+02 1.106120e+02 3.901011e+02 -1 -1 -1 -1
122 -1 8.095199e+02 4.477671e+02 3.610202e+02 3.161967e+02 -1 -1 -1 -1
122 -1 1.007886e+03 4.499451e+02 1.651353e+02 3.030093e+02 -1 -1 -1 -1
122 -1 8.017569e+02 5.624744e+02 3.506337e+02 1.989102e+02 -1 -1 -1 -1
123 -1 1.186765e+03 1.799087e+02 1.393472e+02 3.831959e+02 -1 -1 -1 -1
123 -1 8.376353e+02 4.371313e+02 2.877431e+02 3.335588e+02 -1 -1 -1 -1
123 -1 8.399501e+02 1.605452e+02 1.058232e+02 3.905408e+02 -1 -1 -1 -1
124 -1 1.183859e+03 1.868396e+02 1.573169e+02 3.792924e+02 -1 -1 -1 -1
124 -1 8.389766e+02 4.399601e+02 2.607690e+02 3.230487e+02 -1 -1 -1 -1
124 -1 8.402916e+02 1.667618e+02 1.058220e+02 3.797531e+02 -1 -1 -1 -1
125 -1 1.181676e+03 1.854412e+02 1.582338e+02 3.917704e+02 -1 -1 -1 -1
125 -1 7.389498e+02 4.232422e+02 3.110445e+02 3.413844e+02 -1 -1 -1 -1
125 -1 8.403456e+02 1.621642e+02 1.192933e+02 3.026931e+02 -1 -1 -1 -1
126 -1 7.871686e+02 3.271314e+02 2.241251e+02 4.223529e+02 -1 -1 -1 -1
126 -1 1.183009e+03 1.877294e+02 1.508917e+02 3.917172e+02 -1 -1 -1 -1
126 -1 8.378533e+02 1.550153e+02 1.233401e+02 2.594415e+02 -1 -1 -1 -1
127 -1 1.186576e+03 1.983581e+02 1.587039e+02 3.927015e+02 -1 -1 -1 -1
127 -1 7.904174e+02 2.477437e+02 1.862058e+02 4.850605e+02 -1 -1 -1 -1
127 -1 8.840355e+02 1.580369e+02 1.099103e+02 3.279438e+02 -1 -1 -1 -1
128 -1 7.578473e+02 2.075867e+02 1.923027e+02 5.338781e+02 -1 -1 -1 -1
128 -1 1.185542e+03 2.005795e+02 1.854156e+02 3.993909e+02 -1 -1 -1 -1
128 -1 9.064784e+02 1.581104e+02 1.133286e+02 3.685656e+02 -1 -1 -1 -1
129 -1 7.242058e+02 1.936469e+02 2.256588e+02 5.414549e+02 -1 -1 -1 -1
129 -1 1.214961e+03 2.095937e+02 1.662794e+02 4.068933e+02 -1 -1 -1 -1
129 -1 9.170819e+02 1.628116e+02 1.328462e+02 3.780058e+02 -1 -1 -1 -1
130 -1 7.105433e+02 1.830475e+02 3.172718e+02 5.408979e+02 -1 -1 -1 -1
130 -1 1.222151e+03 2.113025e+02 1.657642e+02 4.208357e+02 -1 -1 -1 -1
130 -1 9.371091e+02 1.640715e+02 1.403064e+02 3.666921e+02 -1 -1 -1 -1
131 -1 1.231077e+03 2.157330e+02 1.792156e+02 4.460027e+02 -1 -1 -1 -1
131 -1 7.366189e+02 1.712012e+02 2.709425e+02 5.053687e+02 -1 -1 -1 -1
131 -1 9.456507e+02 1.657896e+02 1.393185e+02 3.814817e+02 -1 -1 -1 -1
132 -1 1.255596e+03 2.266817e+02 2.042853e+02 4.517740e+02 -1 -1 -1 -1
132 -1 7.615475e+02 1.733149e+02 1.594213e+02 4.902952e+02 -1 -1 -1 -1
132 -1 1.017447e+03 1.691689e+02 1.218512e+02 3.761434e+02 -1 -1 -1 -1
133 -1 1.019734e+03 1.802712e+02 1.990054e+02 3.607542e+02 -1 -1 -1 -1
133 -1 7.680334e+02 1.635319e+02 1.690285e+02 4.640121e+02 -1 -1 -1 -1
133 -1 1.296331e+03 2.390573e+02 2.111005e+02 4.519517e+02 -1 -1 -1 -1
134 -1 1.336396e+03 2.424836e+02 1.902569e+02 4.804802e+02 -1 -1 -1 -1
134 -1 1.119502e+03 1.770065e+02 1.487274e+02 3.756982e+02 -1 -1 -1 -1
134 -1 8.117285e+02 1.502015e+02 1.403759e+02 4.369454e+02 -1 -1 -1 -1
135 -1 1.340071e+03 2.603055e+02 2.240833e+02 5.135863e+02 -1 -1 -1 -1
135 -1 8.217672e+02 1.521850e+02 1.645479e+02 4.118163e+02 -1 -1 -1 -1
135 -1 1.139181e+03 1.861614e+02 2.407571e+02 3.941229e+02 -1 -1 -1 -1
136 -1 1.357180e+03 2.621036e+02 2.456078e+02 5.290395e+02 -1 -1 -1 -1
136 -1 8.896555e+02 1.438207e+02 1.395395e+02 4.173933e+02 -1 -1 -1 -1
136 -1 1.191526e+03 1.876557e+02 2.148571e+02 4.067597e+02 -1 -1 -1 -1
137 -1 9.043331e+02 1.544698e+02 1.728489e+02 3.936727e+02 -1 -1 -1 -1
137 -1 1.416408e+03 2.699136e+02 2.739219e+02 5.445507e+02 -1 -1 -1 -1
137 -1 1.267495e+03 1.950928e+02 1.562920e+02 4.134075e+02 -1 -1 -1 -1
138 -1 1.008330e+03 1.409805e+02 1.379464e+02 4.156346e+02 -1 -1 -1 -1
138 -1 1.456010e+03 3.005405e+02 2.620063e+02 5.680954e+02 -1 -1 -1 -1
138 -1 1.301858e+03 2.133401e+02 2.369158e+02 4.390357e+02 -1 -1 -1 -1
138 -1 1.407449e+03 2.470235e+02 2.719885e+02 5.465764e+02 -1 -1 -1 -1
139 -1 1.017842e+03 1.470223e+02 2.417219e+02 4.388084e+02 -1 -1 -1 -1
139 -1 1.476861e+03 3.250211e+02 2.826684e+02 6.361035e+02 -1 -1 -1 -1
139 -1 1.334380e+03 2.148844e+02 2.553516e+02 5.027679e+02 -1 -1 -1 -1
140 -1 1.113204e+03 1.481799e+02 1.460614e+02 4.423902e+02 -1 -1 -1 -1
140 -1 1.350414e+03 2.468228e+02 3.110873e+02 5.232325e+02 -1 -1 -1 -1
140 -1 1.494660e+03 3.515679e+02 3.300254e+02 6.356391e+02 -1 -1 -1 -1
140 -1 1.408248e+03 2.695498e+02 3.340386e+02 6.223371e+02 -1 -1 -1 -1
141 -1 1.138587e+03 1.515415e+02 1.878674e+02 4.716441e+02 -1 -1 -1 -1
141 -1 1.525675e+03 3.642668e+02 3.847730e+02 6.597332e+02 -1 -1 -1 -1
141 -1 1.464167e+03 2.459732e+02 2.313471e+02 5.075232e+02 -1 -1 -1 -1
141 -1 1.484435e+03 2.896316e+02 2.790827e+02 6.421959e+02 -1 -1 -1 -1
142 -1 1.543781e+03 4.324977e+02 3.730676e+02 5.892752e+02 -1 -1 -1 -1
142 -1 1.254680e+03 1.615784e+02 1.549656e+02 4.975489e+02 -1 -1 -1 -1
142 -1 1.549514e+03 3.432655e+02 3.188040e+02 5.286955e+02 -1 -1 -1 -1
142 -1 1.546160e+03 2.813866e+02 2.893719e+02 3.935357e+02 -1 -1 -1 -1
143 -1 1.258000e+03 1.653830e+02 2.541412e+02 5.373316e+02 -1 -1 -1 -1
143 -1 1.576939e+03 4.316712e+02 3.417881e+02 5.868331e+02 -1 -1 -1 -1
143 -1 1.591909e+03 3.154971e+02 3.202052e+02 4.967075e+02 -1 -1 -1 -1
144 -1 1.295119e+03 1.915223e+02 2.790415e+02 4.997774e+02 -1 -1 -1 -1
144 -1 1.562582e+03 4.423665e+02 3.570186e+02 5.689584e+02 -1 -1 -1 -1
144 -1 1.592873e+03 3.259058e+02 3.271274e+02 3.153670e+02 -1 -1 -1 -1
145 -1 1.382258e+03 1.899267e+02 2.063674e+02 5.434794e+02 -1 -1 -1 -1
145 -1 1.528046e+03 4.615562e+02 3.919540e+02 5.624438e+02 -1 -1 -1 -1
146 -1 1.404941e+03 2.165334e+02 2.751663e+02 6.096054e+02 -1 -1 -1 -1
146 -1 1.513450e+03 5.209023e+02 4.013457e+02 4.993980e+02 -1 -1 -1 -1
147 -1 1.471068e+03 5.415495e+02 4.286723e+02 4.802900e+02 -1 -1 -1 -1
147 -1 1.438340e+03 2.248984e+02 2.928964e+02 5.944128e+02 -1 -1 -1 -1
147 -1 1.477059e+03 4.019050e+02 3.724722e+02 5.538238e+02 -1 -1 -1 -1
