1 -1 1.117866e+03 9.108791e+01 1.269946e+02 3.520998e+02 -1 -1 -1 -1
1 -1 1.251998e+03 8.725449e+01 1.215653e+02 3.018848e+02 -1 -1 -1 -1
1 -1 1.392244e+03 1.140350e+02 1.098296e+02 3.030198e+02 -1 -1 -1 -1
2 -1 1.105798e+03 9.787366e+01 1.247388e+02 3.553896e+02 -1 -1 -1 -1
2 -1 1.324949e+03 1.130040e+02 1.598220e+02 2.992803e+02 -1 -1 -1 -1
2 -1 1.252398e+03 8.808170e+01 1.255042e+02 3.054332e+02 -1 -1 -1 -1
2 -1 1.286724e+03 9.290475e+01 1.595794e+02 3.099776e+02 -1 -1 -1 -1
3 -1 1.094209e+03 9.323499e+01 1.301569e+02 3.776127e+02 -1 -1 -1 -1
3 -1 1.309602e+03 1.069263e+02 1.604146e+02 3.118626e+02 -1 -1 -1 -1
3 -1 1.261210e+03 8.825418e+01 1.232048e+02 3.089525e+02 -1 -1 -1 -1
4 -1 1.064206e+03 1.031114e+02 1.470081e+02 3.828248e+02 -1 -1 -1 -1
4 -1 1.310831e+03 1.071008e+02 1.223570e+02 3.069110e+02 -1 -1 -1 -1
4 -1 1.247504e+03 9.425562e+01 1.035622e+02 3.072450e+02 -1 -1 -1 -1
4 -1 1.271448e+03 8.956995e+01 1.062122e+02 3.154319e+02 -1 -1 -1 -1
5 -1 1.052783e+03 1.065824e+02 1.464645e+02 3.958666e+02 -1 -1 -1 -1
5 -1 1.293918e+03 1.146438e+02 1.255502e+02 3.057567e+02 -1 -1 -1 -1
5 -1 1.269076e+03 1.029186e+02 1.003828e+02 2.997398e+02 -1 -1 -1 -1
5 -1 1.249984e+03 9.513798e+01 8.913597e+01 2.853940e+02 -1 -1 -1 -1
6 -1 1.043807e+03 1.056831e+02 1.447375e+02 4.063634e+02 -1 -1 -1 -1
6 -1 1.245370e+03 1.058763e+02 1.418525e+02 3.151048e+02 -1 -1 -1 -1
6 -1 1.239985e+03 1.047288e+02 1.048702e+02 2.773955e+02 -1 -1 -1 -1
6 -1 1.254877e+03 9.373302e+01 7.796677e+01 1.715582e+02 -1 -1 -1 -1
7 -1 1.036648e+03 1.015629e+02 1.536694e+02 4.060011e+02 -1 -1 -1 -1
7 -1 1.234319e+03 1.131516e+02 1.300600e+02 3.119591e+02 -1 -1 -1 -1
7 -1 1.229847e+03 9.698312e+01 7.627670e+01 2.687088e+02 -1 -1 -1 -1
8 -1 1.049500e+03 1.046958e+02 1.328888e+02 4.323283e+02 -1 -1 -1 -1
8 -1 1.228110e+03 1.061115e+02 1.131063e+02 3.109559e+02 -1 -1 -1 -1
8 -1 1.220159e+03 9.524680e+01 8.165131e+01 2.155479e+02 -1 -1 -1 -1
9 -1 1.061903e+03 1.200025e+02 1.350140e+02 4.443174e+02 -1 -1 -1 -1
9 -1 1.195716e+03 9.391444e+01 1.358885e+02 3.315008e+02 -1 -1 -1 -1
10 -1 1.061901e+03 1.244242e+02 1.489568e+02 4.418855e+02 -1 -1 -1 -1
10 -1 1.186424e+03 1.078848e+02 1.272794e+02 3.120676e+02 -1 -1 -1 -1
11 -1 1.077320e+03 1.194136e+02 1.581203e+02 4.603828e+02 -1 -1 -1 -1
11 -1 1.235688e+03 9.184367e+01 9.393448e+01 3.183021e+02 -1 -1 -1 -1
11 -1 1.181320e+03 1.167946e+02 8.202965e+01 2.999442e+02 -1 -1 -1 -1
11 -1 1.207527e+03 1.093674e+02 8.176346e+01 3.071429e+02 -1 -1 -1 -1
12 -1 1.098588e+03 1.133494e+02 1.648627e+02 4.933530e+02 -1 -1 -1 -1
12 -1 1.231918e+03 1.001755e+02 9.760048e+01 3.139388e+02 -1 -1 -1 -1
13 -1 1.108710e+03 1.202661e+02 1.894240e+02 4.922831e+02 -1 -1 -1 -1
13 -1 1.110578e+03 1.117757e+02 1.081448e+02 3.608441e+02 -1 -1 -1 -1
13 -1 1.226905e+03 9.919351e+01 9.549454e+01 3.022006e+02 -1 -1 -1 -1
14 -1 1.130456e+03 1.213757e+02 1.985596e+02 5.103401e+02 -1 -1 -1 -1
14 -1 1.110635e+03 1.177156e+02 1.067530e+02 3.484176e+02 -1 -1 -1 -1
14 -1 1.220645e+03 9.661974e+01 8.023293e+01 1.250790e+02 -1 -1 -1 -1
15 -1 1.064170e+03 1.236153e+02 1.271084e+02 3.389768e+02 -1 -1 -1 -1
15 -1 1.208906e+03 1.197487e+02 1.899088e+02 5.153672e+02 -1 -1 -1 -1
15 -1 1.170262e+03 1.114143e+02 1.194628e+02 3.129473e+02 -1 -1 -1 -1
16 -1 1.235151e+03 1.071414e+02 2.305639e+02 5.249576e+02 -1 -1 -1 -1
16 -1 1.056461e+03 1.241981e+02 1.116520e+02 3.447299e+02 -1 -1 -1 -1
16 -1 1.156013e+03 1.081713e+02 1.143466e+02 3.173972e+02 -1 -1 -1 -1
17 -1 1.227973e+03 1.222030e+02 2.171823e+02 5.097127e+02 -1 -1 -1 -1
17 -1 1.041248e+03 1.215583e+02 1.120301e+02 3.524603e+02 -1 -1 -1 -1
17 -1 1.143509e+03 1.096362e+02 1.269965e+02 3.286497e+02 -1 -1 -1 -1
18 -1 1.278592e+03 1.146735e+02 1.686344e+02 4.913999e+02 -1 -1 -1 -1
18 -1 1.025344e+03 1.282047e+02 1.170037e+02 3.599265e+02 -1 -1 -1 -1
18 -1 1.132377e+03 1.089590e+02 1.216379e+02 3.237243e+02 -1 -1 -1 -1
19 -1 1.308010e+03 1.315135e+02 1.611614e+02 4.980663e+02 -1 -1 -1 -1
19 -1 1.027551e+03 1.188357e+02 1.059787e+02 3.686905e+02 -1 -1 -1 -1
19 -1 1.122528e+03 1.147390e+02 1.136504e+02 3.320436e+02 -1 -1 -1 -1
20 -1 1.010787e+03 1.254941e+02 1.109880e+02 3.718641e+02 -1 -1 -1 -1
20 -1 1.301950e+03 2.236619e+02 1.829457e+02 3.732923e+02 -1 -1 -1 -1
20 -1 1.110692e+03 1.112672e+02 1.087129e+02 3.476680e+02 -1 -1 -1 -1
21 -1 1.324219e+03 1.744416e+02 2.418430e+02 4.323922e+02 -1 -1 -1 -1
21 -1 1.091480e+03 1.213165e+02 1.153100e+02 3.539785e+02 -1 -1 -1 -1
21 -1 9.997126e+02 1.273596e+02 1.056491e+02 3.729239e+02 -1 -1 -1 -1
22 -1 1.337933e+03 1.550727e+01 2.588896e+02 5.514206e+02 -1 -1 -1 -1
22 -1 9.724037e+02 1.318636e+02 1.286629e+02 3.684703e+02 -1 -1 -1 -1
22 -1 1.085472e+03 1.196301e+02 1.209597e+02 3.711978e+02 -1 -1 -1 -1
23 -1 1.350320e+03 2.230397e+00 2.091199e+02 5.116403e+02 -1 -1 -1 -1
23 -1 9.640923e+02 1.329509e+02 1.300195e+02 3.820560e+02 -1 -1 -1 -1
23 -1 1.088426e+03 1.337060e+02 1.210034e+02 4.014374e+02 -1 -1 -1 -1
24 -1 1.333604e+03 5.440110e+01 2.244015e+02 5.395495e+02 -1 -1 -1 -1
24 -1 1.069781e+03 1.369297e+02 1.432352e+02 4.022536e+02 -1 -1 -1 -1
24 -1 9.778877e+02 1.403475e+02 1.064049e+02 3.768443e+02 -1 -1 -1 -1
25 -1 1.022386e+03 1.430560e+02 1.939254e+02 4.289105e+02 -1 -1 -1 -1
25 -1 1.308471e+03 1.934883e+02 2.085178e+02 4.210712e+02 -1 -1 -1 -1
25 -1 9.599016e+02 1.399487e+02 1.137286e+02 3.695904e+02 -1 -1 -1 -1
25 -1 9.918779e+02 1.372122e+02 1.646535e+02 4.177995e+02 -1 -1 -1 -1
26 -1 1.013451e+03 1.584885e+02 2.118631e+02 4.403219e+02 -1 -1 -1 -1
26 -1 1.310115e+03 1.562515e+02 2.060857e+02 4.655915e+02 -1 -1 -1 -1
26 -1 9.547618e+02 1.396249e+02 1.080187e+02 3.773057e+02 -1 -1 -1 -1
27 -1 1.015280e+03 1.581028e+02 1.723423e+02 4.505493e+02 -1 -1 -1 -1
27 -1 1.305308e+03 1.159156e+02 2.186469e+02 5.097403e+02 -1 -1 -1 -1
27 -1 9.384764e+02 1.340927e+02 1.084212e+02 3.850196e+02 -1 -1 -1 -1
28 -1 1.019992e+03 1.888655e+02 1.590852e+02 4.918839e+02 -1 -1 -1 -1
28 -1 9.206688e+02 1.424420e+02 1.240746e+02 3.878237e+02 -1 -1 -1 -1
28 -1 1.303433e+03 1.369718e+02 2.236654e+02 4.904898e+02 -1 -1 -1 -1
29 -1 1.014882e+03 2.104446e+02 2.012057e+02 4.657847e+02 -1 -1 -1 -1
29 -1 9.197932e+02 1.391797e+02 1.133306e+02 3.954860e+02 -1 -1 -1 -1
29 -1 1.301808e+03 2.493498e+02 2.111021e+02 3.591363e+02 -1 -1 -1 -1
30 -1 1.033080e+03 2.721062e+02 2.266894e+02 4.273480e+02 -1 -1 -1 -1
30 -1 1.315375e+03 1.954638e+02 2.441480e+02 4.155337e+02 -1 -1 -1 -1
30 -1 9.169485e+02 1.428876e+02 1.121674e+02 3.982072e+02 -1 -1 -1 -1
31 -1 1.028442e+03 4.482315e+02 2.704816e+02 3.437817e+02 -1 -1 -1 -1
31 -1 1.321783e+03 2.085606e+01 2.836166e+02 5.284289e+02 -1 -1 -1 -1
31 -1 9.084556e+02 1.442415e+02 1.135018e+02 3.974419e+02 -1 -1 -1 -1
32 -1 8.692879e+02 1.454353e+02 1.419135e+02 4.067513e+02 -1 -1 -1 -1
32 -1 1.333470e+03 0 2.304499e+02 5.357340e+02 -1 -1 -1 -1
32 -1 1.026106e+03 4.970171e+02 3.026953e+02 3.437217e+02 -1 -1 -1 -1
33 -1 8.685619e+02 1.546901e+02 1.338510e+02 4.135004e+02 -1 -1 -1 -1
33 -1 1.300301e+03 1.564292e+02 2.278445e+02 4.659332e+02 -1 -1 -1 -1
33 -1 1.052424e+03 4.909373e+02 1.980949e+02 4.584964e+02 -1 -1 -1 -1
33 -1 1.073968e+03 5.098846e+02 3.220498e+02 4.853908e+02 -1 -1 -1 -1
33 -1 1.122809e+03 7.428363e+02 2.900052e+02 2.542581e+02 -1 -1 -1 -1
34 -1 1.050335e+03 5.585727e+02 4.201797e+02 4.654273e+02 -1 -1 -1 -1
34 -1 1.303201e+03 1.418945e+02 2.141789e+02 4.743026e+02 -1 -1 -1 -1
34 -1 8.555554e+02 1.559409e+02 1.279594e+02 4.173221e+02 -1 -1 -1 -1
35 -1 1.294555e+03 1.147204e+02 2.452782e+02 5.170892e+02 -1 -1 -1 -1
35 -1 8.507724e+02 1.568742e+02 1.218169e+02 4.193291e+02 -1 -1 -1 -1
35 -1 1.046154e+03 5.177096e+02 4.786054e+02 4.926250e+02 -1 -1 -1 -1
36 -1 8.126065e+02 1.605836e+02 1.301232e+02 4.187895e+02 -1 -1 -1 -1
36 -1 9.700380e+02 4.778615e+02 3.906509e+02 4.843182e+02 -1 -1 -1 -1
36 -1 1.299103e+03 1.467867e+02 2.305492e+02 4.680073e+02 -1 -1 -1 -1
37 -1 7.807911e+02 1.577360e+02 1.438327e+02 4.294629e+02 -1 -1 -1 -1
37 -1 1.297602e+03 2.603549e+02 2.127892e+02 3.399632e+02 -1 -1 -1 -1
37 -1 9.680537e+02 6.203484e+02 3.156182e+02 2.521446e+02 -1 -1 -1 -1
38 -1 9.430462e+02 5.448746e+02 3.081033e+02 2.921051e+02 -1 -1 -1 -1
38 -1 7.846888e+02 1.655132e+02 1.187500e+02 4.391569e+02 -1 -1 -1 -1
38 -1 1.303823e+03 1.328689e+02 2.388924e+02 4.933775e+02 -1 -1 -1 -1
39 -1 1.326380e+03 4.534942e+00 2.457024e+02 5.308504e+02 -1 -1 -1 -1
39 -1 9.426831e+02 4.965577e+02 2.982619e+02 3.116031e+02 -1 -1 -1 -1
39 -1 7.519395e+02 1.654495e+02 1.318228e+02 4.378528e+02 -1 -1 -1 -1
40 -1 1.326813e+03 1.248458e+01 2.410144e+02 5.523446e+02 -1 -1 -1 -1
40 -1 8.306267e+02 4.638654e+02 4.006771e+02 3.019289e+02 -1 -1 -1 -1
40 -1 7.417909e+02 1.650106e+02 1.259917e+02 4.430353e+02 -1 -1 -1 -1
41 -1 7.965715e+02 3.819612e+02 3.335674e+02 3.613267e+02 -1 -1 -1 -1
41 -1 1.310921e+03 1.839733e+02 2.223120e+02 4.381113e+02 -1 -1 -1 -1
41 -1 7.066238e+02 1.632952e+02 1.557775e+02 4.383649e+02 -1 -1 -1 -1
42 -1 8.970331e+02 2.951132e+02 2.010607e+02 4.458268e+02 -1 -1 -1 -1
42 -1 1.309585e+03 1.869039e+02 2.184279e+02 4.339222e+02 -1 -1 -1 -1
42 -1 6.726125e+02 1.702193e+02 1.816443e+02 4.628705e+02 -1 -1 -1 -1
43 -1 9.003572e+02 1.852444e+02 1.747511e+02 5.461104e+02 -1 -1 -1 -1
43 -1 1.302847e+03 1.002267e+02 2.551920e+02 5.152787e+02 -1 -1 -1 -1
43 -1 6.875686e+02 1.741074e+02 1.399842e+02 4.688997e+02 -1 -1 -1 -1
44 -1 1.310812e+03 1.044502e+02 2.442101e+02 5.345331e+02 -1 -1 -1 -1
44 -1 8.736972e+02 3.023923e+02 1.922090e+02 4.136832e+02 -1 -1 -1 -1
44 -1 6.739178e+02 1.710650e+02 1.516452e+02 4.760845e+02 -1 -1 -1 -1
45 -1 6.602097e+02 1.847357e+02 1.642419e+02 4.683583e+02 -1 -1 -1 -1
45 -1 1.297012e+03 1.301602e+02 2.848515e+02 4.936309e+02 -1 -1 -1 -1
45 -1 8.366153e+02 4.250688e+02 2.468738e+02 3.077396e+02 -1 -1 -1 -1
46 -1 6.299971e+02 1.904187e+02 1.942694e+02 4.592955e+02 -1 -1 -1 -1
46 -1 1.306475e+03 1.437555e+02 3.220090e+02 4.961363e+02 -1 -1 -1 -1
47 -1 6.265042e+02 1.845744e+02 1.779252e+02 4.594236e+02 -1 -1 -1 -1
47 -1 1.430190e+03 1.552694e+02 2.378551e+02 4.766123e+02 -1 -1 -1 -1
47 -1 8.951224e+02 4.747027e+02 3.924470e+02 4.599605e+02 -1 -1 -1 -1
48 -1 1.452048e+03 1.492938e+02 2.102202e+02 4.872795e+02 -1 -1 -1 -1
48 -1 9.938204e+02 4.969168e+02 4.032610e+02 4.906494e+02 -1 -1 -1 -1
48 -1 6.414165e+02 1.809137e+02 1.685946e+02 4.710500e+02 -1 -1 -1 -1
49 -1 9.989588e+02 5.083993e+02 4.660249e+02 4.995613e+02 -1 -1 -1 -1
49 -1 1.449618e+03 1.398098e+02 2.575898e+02 5.032911e+02 -1 -1 -1 -1
49 -1 6.507521e+02 1.785805e+02 1.788137e+02 4.665980e+02 -1 -1 -1 -1
50 -1 1.432692e+03 1.440347e+02 2.835738e+02 4.817354e+02 -1 -1 -1 -1
50 -1 1.002082e+03 4.589489e+02 4.494649e+02 5.395329e+02 -1 -1 -1 -1
50 -1 6.543586e+02 1.777424e+02 1.657521e+02 4.583687e+02 -1 -1 -1 -1
51 -1 1.392199e+03 1.358424e+02 2.913732e+02 4.838583e+02 -1 -1 -1 -1
51 -1 6.440908e+02 1.780116e+02 1.504568e+02 4.669274e+02 -1 -1 -1 -1
51 -1 9.034541e+02 4.831418e+02 3.741820e+02 3.764132e+02 -1 -1 -1 -1
52 -1 1.388532e+03 1.493863e+02 2.375029e+02 4.749147e+02 -1 -1 -1 -1
52 -1 6.305799e+02 1.828218e+02 1.754025e+02 4.563088e+02 -1 -1 -1 -1
52 -1 8.911289e+02 5.630488e+02 2.921857e+02 2.394817e+02 -1 -1 -1 -1
53 -1 8.809634e+02 4.910149e+02 2.566615e+02 2.870375e+02 -1 -1 -1 -1
53 -1 1.361898e+03 1.921580e+02 2.526066e+02 4.320911e+02 -1 -1 -1 -1
53 -1 6.302252e+02 1.864420e+02 1.845216e+02 4.578281e+02 -1 -1 -1 -1
54 -1 1.354058e+03 2.321271e+02 2.113360e+02 4.161644e+02 -1 -1 -1 -1
54 -1 6.355926e+02 1.915109e+02 1.778279e+02 4.510737e+02 -1 -1 -1 -1
54 -1 8.725834e+02 4.672183e+02 2.510110e+02 2.940877e+02 -1 -1 -1 -1
55 -1 1.318735e+03 2.572792e+02 2.430615e+02 3.884759e+02 -1 -1 -1 -1
55 -1 6.309285e+02 1.900234e+02 1.776742e+02 4.553402e+02 -1 -1 -1 -1
55 -1 8.680984e+02 4.379427e+02 2.558663e+02 2.988333e+02 -1 -1 -1 -1
56 -1 1.244782e+03 2.773763e+02 3.224689e+02 3.554279e+02 -1 -1 -1 -1
56 -1 6.153706e+02 1.921995e+02 1.912144e+02 4.577697e+02 -1 -1 -1 -1
56 -1 7.797855e+02 4.070238e+02 3.393705e+02 3.025747e+02 -1 -1 -1 -1
57 -1 8.612791e+02 3.202750e+02 2.060797e+02 3.764891e+02 -1 -1 -1 -1
57 -1 1.170568e+03 2.986808e+02 4.065042e+02 3.244932e+02 -1 -1 -1 -1
57 -1 5.838597e+02 1.942619e+02 2.150487e+02 4.617136e+02 -1 -1 -1 -1
58 -1 5.788846e+02 1.858716e+02 1.979404e+02 4.642755e+02 -1 -1 -1 -1
58 -1 8.730293e+02 2.902367e+02 2.008594e+02 3.993829e+02 -1 -1 -1 -1
58 -1 1.149428e+03 3.520415e+02 3.852990e+02 2.525782e+02 -1 -1 -1 -1
59 -1 8.846094e+02 3.681007e+02 2.546420e+02 3.306635e+02 -1 -1 -1 -1
59 -1 5.937716e+02 1.875184e+02 1.777828e+02 4.654205e+02 -1 -1 -1 -1
59 -1 1.093776e+03 3.776225e+02 3.889483e+02 2.375471e+02 -1 -1 -1 -1
60 -1 8.986917e+02 4.743138e+02 3.019489e+02 3.254477e+02 -1 -1 -1 -1
60 -1 6.098468e+02 1.775517e+02 1.806596e+02 4.768383e+02 -1 -1 -1 -1
60 -1 1.108318e+03 3.732636e+02 3.689138e+02 2.235713e+02 -1 -1 -1 -1
61 -1 6.200117e+02 1.773546e+02 1.742849e+02 4.848299e+02 -1 -1 -1 -1
61 -1 1.113640e+03 3.808698e+02 3.733756e+02 2.161315e+02 -1 -1 -1 -1
61 -1 1.103630e+03 3.853748e+02 1.427625e+02 1.607714e+02 -1 -1 -1 -1
62 -1 6.359692e+02 1.893498e+02 1.473065e+02 4.690956e+02 -1 -1 -1 -1
62 -1 9.718617e+02 6.242857e+02 3.749343e+02 3.781768e+02 -1 -1 -1 -1
62 -1 1.057774e+03 4.236739e+02 4.283128e+02 1.626747e+02 -1 -1 -1 -1
63 -1 1.064475e+03 4.064325e+02 3.886031e+02 1.883404e+02 -1 -1 -1 -1
63 -1 6.475626e+02 1.842139e+02 1.364774e+02 4.761578e+02 -1 -1 -1 -1
63 -1 9.552706e+02 6.257084e+02 4.801932e+02 3.804485e+02 -1 -1 -1 -1
64 -1 1.065929e+03 4.156006e+02 3.970654e+02 1.801270e+02 -1 -1 -1 -1
64 -1 9.458596e+02 6.423420e+02 5.226871e+02 3.816580e+02 -1 -1 -1 -1
64 -1 6.505966e+02 1.874781e+02 1.271543e+02 4.722384e+02 -1 -1 -1 -1
65 -1 9.225069e+02 6.306492e+02 5.385914e+02 3.780449e+02 -1 -1 -1 -1
65 -1 6.627485e+02 1.825804e+02 1.245014e+02 4.729294e+02 -1 -1 -1 -1
65 -1 1.083148e+03 4.142941e+02 3.917045e+02 1.668683e+02 -1 -1 -1 -1
66 -1 6.594867e+02 1.821681e+02 1.543975e+02 4.641342e+02 -1 -1 -1 -1
66 -1 9.405814e+02 6.209117e+02 5.238885e+02 3.399812e+02 -1 -1 -1 -1
67 -1 6.723926e+02 1.841339e+02 1.568464e+02 4.638725e+02 -1 -1 -1 -1
67 -1 1.104205e+03 3.902965e+02 3.394759e+02 1.719395e+02 -1 -1 -1 -1
67 -1 9.538651e+02 6.452882e+02 4.200750e+02 2.885223e+02 -1 -1 -1 -1
67 -1 1.093366e+03 3.964539e+02 6.750412e+01 1.388495e+02 -1 -1 -1 -1
68 -1 1.118383e+03 3.839028e+02 3.323680e+02 1.814718e+02 -1 -1 -1 -1
68 -1 9.288540e+02 5.872469e+02 4.440474e+02 3.411913e+02 -1 -1 -1 -1
68 -1 6.283696e+02 1.903644e+02 1.938535e+02 4.651970e+02 -1 -1 -1 -1
69 -1 9.512168e+02 5.631522e+02 4.433807e+02 3.278865e+02 -1 -1 -1 -1
69 -1 6.319207e+02 1.904915e+02 1.927119e+02 4.630124e+02 -1 -1 -1 -1
69 -1 1.144880e+03 3.557556e+02 3.004177e+02 1.978967e+02 -1 -1 -1 -1
69 -1 1.140606e+03 3.559318e+02 1.440367e+02 1.770052e+02 -1 -1 -1 -1
70 -1 9.667081e+02 5.276946e+02 3.852500e+02 3.031179e+02 -1 -1 -1 -1
70 -1 1.137994e+03 3.502427e+02 3.412857e+02 2.107477e+02 -1 -1 -1 -1
70 -1 6.321220e+02 1.850371e+02 1.921268e+02 4.678773e+02 -1 -1 -1 -1
71 -1 6.539482e+02 1.754367e+02 1.698442e+02 4.762035e+02 -1 -1 -1 -1
71 -1 1.159759e+03 3.439271e+02 2.448891e+02 1.927388e+02 -1 -1 -1 -1
71 -1 9.821455e+02 4.354484e+02 3.031570e+02 3.418489e+02 -1 -1 -1 -1
72 -1 9.865113e+02 3.762042e+02 3.531010e+02 3.779301e+02 -1 -1 -1 -1
72 -1 6.762612e+02 1.695446e+02 1.192183e+02 4.755178e+02 -1 -1 -1 -1
72 -1 1.242377e+03 3.557779e+02 1.252879e+02 1.514767e+02 -1 -1 -1 -1
73 -1 9.940966e+02 3.393599e+02 4.233444e+02 4.178720e+02 -1 -1 -1 -1
73 -1 6.704180e+02 1.883322e+02 1.198900e+02 4.714064e+02 -1 -1 -1 -1
73 -1 1.229859e+03 3.178543e+02 1.793875e+02 2.383855e+02 -1 -1 -1 -1
74 -1 1.021161e+03 3.021282e+02 4.432926e+02 4.268330e+02 -1 -1 -1 -1
74 -1 6.556090e+02 1.847627e+02 1.428707e+02 4.660899e+02 -1 -1 -1 -1
74 -1 1.217580e+03 2.828870e+02 2.585447e+02 3.130527e+02 -1 -1 -1 -1
75 -1 1.097040e+03 2.486182e+02 3.669113e+02 4.588140e+02 -1 -1 -1 -1
75 -1 6.553807e+02 1.809107e+02 1.431389e+02 4.530568e+02 -1 -1 -1 -1
76 -1 6.529206e+02 1.732340e+02 1.786844e+02 4.754323e+02 -1 -1 -1 -1
76 -1 1.168474e+03 2.089875e+02 2.870693e+02 5.487830e+02 -1 -1 -1 -1
76 -1 1.304053e+03 2.280276e+02 1.888847e+02 3.270247e+02 -1 -1 -1 -1
77 -1 1.155333e+03 2.289411e+02 3.587157e+02 5.192695e+02 -1 -1 -1 -1
77 -1 6.398698e+02 1.738627e+02 1.752951e+02 4.821785e+02 -1 -1 -1 -1
78 -1 1.158997e+03 2.948185e+02 3.051565e+02 4.550800e+02 -1 -1 -1 -1
78 -1 6.199402e+02 1.848652e+02 1.892021e+02 4.812301e+02 -1 -1 -1 -1
79 -1 6.007227e+02 1.885482e+02 2.009021e+02 4.782336e+02 -1 -1 -1 -1
79 -1 1.259468e+03 1.921776e+02 3.082347e+02 5.768097e+02 -1 -1 -1 -1
80 -1 1.244196e+03 4.420670e+01 4.769204e+02 6.321212e+02 -1 -1 -1 -1
80 -1 6.031767e+02 1.882529e+02 1.935389e+02 4.759854e+02 -1 -1 -1 -1
81 -1 1.201227e+03 1.209872e+02 3.456644e+02 6.249543e+02 -1 -1 -1 -1
81 -1 6.214985e+02 1.881589e+02 1.989769e+02 4.780816e+02 -1 -1 -1 -1
82 -1 6.244357e+02 1.834004e+02 2.020082e+02 4.814647e+02 -1 -1 -1 -1
82 -1 1.306288e+03 2.255687e+02 2.326723e+02 5.468480e+02 -1 -1 -1 -1
82 -1 1.357682e+03 1.120325e+02 1.727710e+02 2.613501e+02 -1 -1 -1 -1
83 -1 1.301616e+03 1.866154e+02 3.273079e+02 5.938309e+02 -1 -1 -1 -1
83 -1 6.319710e+02 1.823936e+02 1.692962e+02 4.826292e+02 -1 -1 -1 -1
84 -1 1.210442e+03 2.258888e+02 4.861125e+02 5.708942e+02 -1 -1 -1 -1
84 -1 6.304732e+02 2.030401e+02 1.695107e+02 4.655098e+02 -1 -1 -1 -1
84 -1 1.448841e+03 1.560386e+02 1.013459e+02 1.655717e+02 -1 -1 -1 -1
85 -1 1.286137e+03 2.918670e+02 2.382113e+02 4.972489e+02 -1 -1 -1 -1
85 -1 6.380915e+02 1.987013e+02 1.437907e+02 4.732905e+02 -1 -1 -1 -1
85 -1 1.350916e+03 1.602161e+02 2.565848e+02 2.897091e+02 -1 -1 -1 -1
86 -1 1.254268e+03 1.059801e+02 3.550735e+02 6.270536e+02 -1 -1 -1 -1
86 -1 6.407563e+02 1.830632e+02 1.437107e+02 4.886570e+02 -1 -1 -1 -1
87 -1 1.287686e+03 3.155097e+01 3.872692e+02 6.216734e+02 -1 -1 -1 -1
87 -1 6.603721e+02 1.857198e+02 1.325788e+02 4.910886e+02 -1 -1 -1 -1
88 -1 6.621048e+02 1.865000e+02 1.488882e+02 4.717140e+02 -1 -1 -1 -1
88 -1 1.284764e+03 2.014538e+02 2.370039e+02 5.732927e+02 -1 -1 -1 -1
89 -1 1.321178e+03 1.918238e+02 2.103799e+02 5.873782e+02 -1 -1 -1 -1
89 -1 6.501170e+02 1.889573e+02 1.551099e+02 4.734692e+02 -1 -1 -1 -1
89 -1 1.196554e+03 3.549978e+02 1.658302e+02 2.105700e+02 -1 -1 -1 -1
90 -1 1.332166e+03 1.813825e+02 2.890535e+02 5.922127e+02 -1 -1 -1 -1
90 -1 6.500717e+02 1.942299e+02 1.438020e+02 4.766925e+02 -1 -1 -1 -1
90 -1 1.159100e+03 3.821919e+02 2.012894e+02 1.753304e+02 -1 -1 -1 -1
91 -1 1.329883e+03 2.109360e+02 3.356573e+02 5.627723e+02 -1 -1 -1 -1
91 -1 6.441523e+02 1.843695e+02 1.553419e+02 4.698237e+02 -1 -1 -1 -1
91 -1 1.102929e+03 3.880564e+02 2.742776e+02 1.616471e+02 -1 -1 -1 -1
92 -1 1.290263e+03 3.021660e+02 2.192645e+02 4.563340e+02 -1 -1 -1 -1
92 -1 6.423287e+02 1.797213e+02 1.580210e+02 4.758370e+02 -1 -1 -1 -1
92 -1 1.092051e+03 3.718571e+02 2.700833e+02 1.809799e+02 -1 -1 -1 -1
93 -1 1.180735e+03 1.350817e+02 3.734724e+02 5.773041e+02 -1 -1 -1 -1
93 -1 6.344841e+02 1.802118e+02 1.792767e+02 4.783305e+02 -1 -1 -1 -1
93 -1 1.121922e+03 3.830506e+02 2.332395e+02 1.554135e+02 -1 -1 -1 -1
94 -1 6.593770e+02 1.819930e+02 1.487905e+02 4.784344e+02 -1 -1 -1 -1
94 -1 1.268768e+03 2.446343e+01 3.156354e+02 6.232988e+02 -1 -1 -1 -1
94 -1 1.145359e+03 3.852277e+02 2.020736e+02 1.636196e+02 -1 -1 -1 -1
95 -1 1.298556e+03 7.106201e+01 2.376961e+02 6.276787e+02 -1 -1 -1 -1
95 -1 6.681438e+02 1.885466e+02 1.339529e+02 4.722771e+02 -1 -1 -1 -1
95 -1 1.164965e+03 3.516396e+02 1.413011e+02 2.096564e+02 -1 -1 -1 -1
96 -1 1.233975e+03 2.430898e+02 2.607747e+02 5.316093e+02 -1 -1 -1 -1
96 -1 6.782306e+02 1.822073e+02 1.308584e+02 4.719586e+02 -1 -1 -1 -1
96 -1 1.189071e+03 3.520641e+02 1.095618e+02 2.187217e+02 -1 -1 -1 -1
97 -1 1.278420e+03 1.854671e+02 2.192711e+02 6.074715e+02 -1 -1 -1 -1
97 -1 6.660983e+02 1.771909e+02 1.343658e+02 4.664973e+02 -1 -1 -1 -1
97 -1 1.223386e+03 3.739771e+02 7.689377e+01 1.921109e+02 -1 -1 -1 -1
98 -1 1.269460e+03 1.871319e+02 2.438512e+02 5.938511e+02 -1 -1 -1 -1
98 -1 6.519483e+02 1.870898e+02 1.349343e+02 4.624451e+02 -1 -1 -1 -1
98 -1 1.237080e+03 3.416595e+02 1.052607e+02 2.380649e+02 -1 -1 -1 -1
99 -1 1.262847e+03 2.078831e+02 2.428452e+02 5.763392e+02 -1 -1 -1 -1
99 -1 6.485251e+02 1.856003e+02 1.566462e+02 4.715793e+02 -1 -1 -1 -1
99 -1 1.248678e+03 3.419491e+02 1.075470e+02 2.455777e+02 -1 -1 -1 -1
99 -1 1.248321e+03 3.281829e+02 1.348828e+02 3.669737e+02 -1 -1 -1 -1
100 -1 1.249483e+03 1.971714e+02 3.047539e+02 5.987714e+02 -1 -1 -1 -1
100 -1 6.410370e+02 1.952667e+02 1.406243e+02 4.694996e+02 -1 -1 -1 -1
101 -1 1.227953e+03 2.052982e+02 2.122513e+02 5.966843e+02 -1 -1 -1 -1
101 -1 6.246766e+02 1.881694e+02 1.692982e+02 4.684294e+02 -1 -1 -1 -1
101 -1 1.418504e+03 3.322213e+02 1.131400e+02 3.001132e+02 -1 -1 -1 -1
102 -1 6.312859e+02 1.832002e+02 1.773777e+02 4.716541e+02 -1 -1 -1 -1
102 -1 1.169703e+03 2.071994e+02 2.523109e+02 5.959939e+02 -1 -1 -1 -1
102 -1 1.401045e+03 3.250488e+02 2.066082e+02 2.918132e+02 -1 -1 -1 -1
103 -1 1.155548e+03 2.136369e+02 2.333370e+02 5.850144e+02 -1 -1 -1 -1
103 -1 1.376167e+03 2.316560e+02 2.246903e+02 3.703502e+02 -1 -1 -1 -1
103 -1 6.501299e+02 1.743783e+02 1.698047e+02 4.821307e+02 -1 -1 -1 -1
104 -1 6.636883e+02 1.825961e+02 1.560130e+02 4.730717e+02 -1 -1 -1 -1
104 -1 1.139893e+03 2.229715e+02 2.062532e+02 5.934907e+02 -1 -1 -1 -1
104 -1 1.377775e+03 1.648348e+02 2.709492e+02 4.447948e+02 -1 -1 -1 -1
105 -1 1.394139e+03 1.301358e+02 2.202052e+02 5.045473e+02 -1 -1 -1 -1
105 -1 1.102745e+03 2.163104e+02 2.205217e+02 6.125402e+02 -1 -1 -1 -1
105 -1 6.895354e+02 1.860177e+02 1.416086e+02 4.672088e+02 -1 -1 -1 -1
106 -1 1.090077e+03 2.167892e+02 2.288246e+02 6.674938e+02 -1 -1 -1 -1
106 -1 1.415376e+03 1.064426e+02 2.705090e+02 5.260221e+02 -1 -1 -1 -1
106 -1 7.032497e+02 1.843299e+02 1.389240e+02 4.639122e+02 -1 -1 -1 -1
106 -1 6.100899e+02 1.796024e+02 2.332827e+02 4.818199e+02 -1 -1 -1 -1
107 -1 1.415439e+03 1.080500e+02 2.629733e+02 5.313666e+02 -1 -1 -1 -1
107 -1 1.110981e+03 2.235289e+02 2.309566e+02 6.448569e+02 -1 -1 -1 -1
107 -1 7.187206e+02 1.749914e+02 1.218280e+02 4.770864e+02 -1 -1 -1 -1
108 -1 1.111866e+03 2.305785e+02 3.017397e+02 6.463983e+02 -1 -1 -1 -1
108 -1 7.252118e+02 1.710884e+02 1.341669e+02 4.703842e+02 -1 -1 -1 -1
108 -1 1.389402e+03 1.352104e+02 2.133936e+02 4.956366e+02 -1 -1 -1 -1
109 -1 7.444847e+02 1.657601e+02 1.407592e+02 4.713158e+02 -1 -1 -1 -1
109 -1 1.143608e+03 2.289393e+02 3.174259e+02 6.610857e+02 -1 -1 -1 -1
109 -1 1.355473e+03 2.407845e+02 2.055004e+02 4.025199e+02 -1 -1 -1 -1
110 -1 1.149111e+03 2.199049e+02 2.973212e+02 6.495875e+02 -1 -1 -1 -1
110 -1 7.477060e+02 1.695684e+02 1.491990e+02 4.668713e+02 -1 -1 -1 -1
110 -1 1.365342e+03 3.236763e+02 1.858658e+02 3.077656e+02 -1 -1 -1 -1
111 -1 7.413859e+02 1.721561e+02 1.421284e+02 4.611952e+02 -1 -1 -1 -1
111 -1 1.165454e+03 2.202594e+02 3.386231e+02 6.480282e+02 -1 -1 -1 -1
112 -1 1.174267e+03 2.096823e+02 3.000286e+02 6.285018e+02 -1 -1 -1 -1
112 -1 7.541746e+02 1.793460e+02 1.197166e+02 4.536169e+02 -1 -1 -1 -1
113 -1 1.139102e+03 2.091700e+02 3.388126e+02 6.160463e+02 -1 -1 -1 -1
113 -1 7.466760e+02 1.746211e+02 1.377330e+02 4.407514e+02 -1 -1 -1 -1
114 -1 1.140920e+03 2.098417e+02 3.178615e+02 6.136052e+02 -1 -1 -1 -1
114 -1 7.562705e+02 1.609306e+02 1.542872e+02 4.590807e+02 -1 -1 -1 -1
114 -1 1.125278e+03 4.047489e+02 6.658310e+01 9.789621e+01 -1 -1 -1 -1
115 -1 1.146437e+03 2.114663e+02 2.833839e+02 6.173238e+02 -1 -1 -1 -1
115 -1 7.745438e+02 1.769079e+02 1.462596e+02 4.442569e+02 -1 -1 -1 -1
115 -1 1.124896e+03 4.093565e+02 5.420631e+01 9.790454e+01 -1 -1 -1 -1
115 -1 1.139575e+03 4.020467e+02 4.957283e+01 1.151380e+02 -1 -1 -1 -1
116 -1 1.136140e+03 2.061896e+02 3.430847e+02 6.077609e+02 -1 -1 -1 -1
116 -1 7.831403e+02 1.602353e+02 1.433614e+02 4.565190e+02 -1 -1 -1 -1
117 -1 1.104851e+03 2.078748e+02 2.437061e+02 6.057849e+02 -1 -1 -1 -1
117 -1 8.093731e+02 1.664979e+02 1.375148e+02 4.419482e+02 -1 -1 -1 -1
118 -1 1.086087e+03 2.031403e+02 2.391520e+02 6.227746e+02 -1 -1 -1 -1
118 -1 8.281311e+02 1.646129e+02 1.152315e+02 4.290515e+02 -1 -1 -1 -1
118 -1 1.281308e+03 4.622626e+02 2.371040e+02 1.595507e+02 -1 -1 -1 -1
119 -1 1.079336e+03 2.062935e+02 2.348902e+02 6.043880e+02 -1 -1 -1 -1
119 -1 8.462256e+02 1.685390e+02 1.294289e+02 4.164691e+02 -1 -1 -1 -1
120 -1 1.081132e+03 2.093386e+02 2.300958e+02 5.895363e+02 -1 -1 -1 -1
120 -1 8.610106e+02 1.693712e+02 1.237233e+02 4.115887e+02 -1 -1 -1 -1
120 -1 1.288618e+03 3.465341e+02 2.456632e+02 2.786240e+02 -1 -1 -1 -1
120 -1 1.107517e+03 2.560216e+02 3.093510e+02 5.188403e+02 -1 -1 -1 -1
121 -1 1.090257e+03 2.111773e+02 2.304618e+02 5.873723e+02 -1 -1 -1 -1
121 -1 8.823918e+02 1.634536e+02 1.332631e+02 4.131143e+02 -1 -1 -1 -1
121 -1 1.310356e+03 3.337862e+02 2.153796e+02 2.803073e+02 -1 -1 -1 -1
121 -1 1.309933e+03 3.405103e+02 1.116378e+02 1.782350e+02 -1 -1 -1 -1
122 -1 1.101340e+03 2.072063e+02 2.284122e+02 5.898709e+02 -1 -1 -1 -1
122 -1 9.014058e+02 1.650983e+02 1.111838e+02 4.121458e+02 -1 -1 -1 -1
122 -1 1.295081e+03 3.447798e+02 2.313448e+02 2.672445e+02 -1 -1 -1 -1
123 -1 1.112528e+03 1.977357e+02 2.338905e+02 6.087943e+02 -1 -1 -1 -1
123 -1 9.141640e+02 1.571517e+02 1.025151e+02 4.174158e+02 -1 -1 -1 -1
123 -1 1.331450e+03 3.490137e+02 2.132542e+02 2.769486e+02 -1 -1 -1 -1
124 -1 1.111833e+03 1.982517e+02 2.450869e+02 5.832577e+02 -1 -1 -1 -1
124 -1 9.277005e+02 1.567027e+02 1.110218e+02 4.052399e+02 -1 -1 -1 -1
124 -1 1.295321e+03 3.238187e+02 3.636170e+02 3.151101e+02 -1 -1 -1 -1
125 -1 1.064570e+03 2.021592e+02 2.666579e+02 5.773829e+02 -1 -1 -1 -1
125 -1 1.386416e+03 3.063893e+02 2.316541e+02 3.243289e+02 -1 -1 -1 -1
125 -1 9.464897e+02 1.629238e+02 1.130958e+02 4.045741e+02 -1 -1 -1 -1
126 -1 1.056315e+03 2.006655e+02 2.554321e+02 5.777607e+02 -1 -1 -1 -1
126 -1 1.413003e+03 2.534209e+02 2.012160e+02 3.820004e+02 -1 -1 -1 -1
126 -1 9.624034e+02 1.633180e+02 1.202687e+02 3.998924e+02 -1 -1 -1 -1
127 -1 1.008672e+03 2.002440e+02 2.395999e+02 5.697580e+02 -1 -1 -1 -1
127 -1 1.417148e+03 1.882828e+02 2.373095e+02 4.677947e+02 -1 -1 -1 -1
127 -1 9.773943e+02 1.475479e+02 9.337738e+01 4.101457e+02 -1 -1 -1 -1
128 -1 9.847506e+02 1.901618e+02 2.310647e+02 5.507318e+02 -1 -1 -1 -1
128 -1 1.429404e+03 1.676630e+02 2.509721e+02 5.016315e+02 -1 -1 -1 -1
128 -1 9.847576e+02 1.378255e+02 9.887650e+01 2.789228e+02 -1 -1 -1 -1
128 -1 1.002405e+03 1.415286e+02 8.671577e+01 2.031346e+02 -1 -1 -1 -1
129 -1 1.375537e+03 1.602571e+02 2.937888e+02 5.403660e+02 -1 -1 -1 -1
129 -1 1.000215e+03 1.846070e+02 1.990752e+02 5.562127e+02 -1 -1 -1 -1
129 -1 1.019927e+03 1.430256e+02 1.073142e+02 1.676019e+02 -1 -1 -1 -1
130 -1 1.363235e+03 1.542478e+02 2.714729e+02 5.544787e+02 -1 -1 -1 -1
130 -1 9.955015e+02 1.874257e+02 1.977264e+02 5.466785e+02 -1 -1 -1 -1
130 -1 1.028585e+03 1.409221e+02 1.080210e+02 1.564707e+02 -1 -1 -1 -1
131 -1 9.548030e+02 1.653754e+02 2.109112e+02 5.153441e+02 -1 -1 -1 -1
131 -1 1.378593e+03 1.463487e+02 2.138841e+02 5.666015e+02 -1 -1 -1 -1
131 -1 1.085140e+03 1.287314e+02 7.121155e+01 1.972703e+02 -1 -1 -1 -1
132 -1 1.332638e+03 1.684990e+02 1.866513e+02 5.360912e+02 -1 -1 -1 -1
132 -1 9.242261e+02 1.649022e+02 2.065496e+02 5.116083e+02 -1 -1 -1 -1
132 -1 1.077266e+03 1.374686e+02 9.038704e+01 3.527103e+02 -1 -1 -1 -1
133 -1 9.180866e+02 1.435048e+02 1.906929e+02 4.591884e+02 -1 -1 -1 -1
133 -1 1.228927e+03 1.395931e+02 2.122311e+02 6.126935e+02 -1 -1 -1 -1
133 -1 1.089876e+03 1.395699e+02 1.112235e+02 3.522112e+02 -1 -1 -1 -1
134 -1 9.137589e+02 1.451960e+02 1.769632e+02 4.393192e+02 -1 -1 -1 -1
134 -1 1.132706e+03 1.499001e+02 2.472368e+02 6.186900e+02 -1 -1 -1 -1
134 -1 1.101655e+03 1.346159e+02 1.344720e+02 3.549559e+02 -1 -1 -1 -1
135 -1 9.297988e+02 1.331391e+02 1.531433e+02 4.241223e+02 -1 -1 -1 -1
135 -1 1.122541e+03 1.426645e+02 2.022629e+02 5.906117e+02 -1 -1 -1 -1
135 -1 1.122412e+03 1.216882e+02 1.069942e+02 2.952532e+02 -1 -1 -1 -1
136 -1 1.055010e+03 1.332556e+02 2.071085e+02 5.949435e+02 -1 -1 -1 -1
136 -1 9.571037e+02 1.289915e+02 1.464950e+02 3.985598e+02 -1 -1 -1 -1
137 -1 1.012469e+03 1.289520e+02 2.148704e+02 5.289493e+02 -1 -1 -1 -1
137 -1 9.868924e+02 1.144565e+02 1.172232e+02 3.783700e+02 -1 -1 -1 -1
137 -1 1.187734e+03 1.240128e+02 8.586479e+01 3.164442e+02 -1 -1 -1 -1
138 -1 9.927564e+02 1.207861e+02 2.260448e+02 5.475801e+02 -1 -1 -1 -1
138 -1 1.202000e+03 1.229203e+02 1.143789e+02 3.121073e+02 -1 -1 -1 -1
138 -1 1.015726e+03 1.172210e+02 9.410957e+01 1.678551e+02 -1 -1 -1 -1
139 -1 1.010811e+03 1.180595e+02 1.759676e+02 4.912101e+02 -1 -1 -1 -1
139 -1 1.208177e+03 1.201618e+02 1.395177e+02 3.063024e+02 -1 -1 -1 -1
140 -1 1.015936e+03 1.058831e+02 1.911768e+02 4.682640e+02 -1 -1 -1 -1
140 -1 1.253219e+03 1.148302e+02 1.153587e+02 3.063548e+02 -1 -1 -1 -1
140 -1 1.133059e+03 1.097739e+02 8.085754e+01 3.316089e+02 -1 -1 -1 -1
141 -1 1.016493e+03 1.007300e+02 1.599779e+02 4.485009e+02 -1 -1 -1 -1
141 -1 1.251528e+03 1.124252e+02 1.447126e+02 3.043524e+02 -1 -1 -1 -1
141 -1 1.139143e+03 1.071390e+02 1.169204e+02 3.058599e+02 -1 -1 -1 -1
142 -1 1.047254e+03 9.590022e+01 1.245053e+02 4.191815e+02 -1 -1 -1 -1
142 -1 1.161901e+03 1.092574e+02 1.106724e+02 2.971096e+02 -1 -1 -1 -1
142 -1 1.315448e+03 1.099218e+02 1.197679e+02 3.070156e+02 -1 -1 -1 -1
143 -1 1.313155e+03 1.120681e+02 1.551565e+02 3.099076e+02 -1 -1 -1 -1
143 -1 1.047743e+03 9.399737e+01 1.350439e+02 4.197169e+02 -1 -1 -1 -1
143 -1 1.164086e+03 1.051991e+02 1.007318e+02 3.068562e+02 -1 -1 -1 -1
144 -1 1.092254e+03 8.946818e+01 1.259711e+02 3.865587e+02 -1 -1 -1 -1
144 -1 1.195576e+03 1.043799e+02 1.118440e+02 2.965702e+02 -1 -1 -1 -1
144 -1 1.391797e+03 1.128403e+02 1.105570e+02 3.038882e+02 -1 -1 -1 -1
145 -1 1.116447e+03 8.863409e+01 1.413148e+02 3.501054e+02 -1 -1 -1 -1
145 -1 1.230913e+03 9.338656e+01 1.226784e+02 2.989124e+02 -1 -1 -1 -1
145 -1 1.403749e+03 1.117995e+02 1.703263e+02 3.083720e+02 -1 -1 -1 -1
145 -1 1.181219e+03 9.913396e+01 1.233822e+02 3.093004e+02 -1 -1 -1 -1
146 -1 1.152604e+03 9.079820e+01 1.195102e+02 3.403955e+02 -1 -1 -1 -1
146 -1 1.457645e+03 1.221440e+02 1.095689e+02 3.031099e+02 -1 -1 -1 -1
146 -1 1.250034e+03 1.006343e+02 1.160092e+02 2.849628e+02 -1 -1 -1 -1
147 -1 1.163555e+03 8.626109e+01 1.612097e+02 3.489263e+02 -1 -1 -1 -1
147 -1 1.472853e+03 1.253183e+02 1.286893e+02 3.093768e+02 -1 -1 -1 -1
147 -1 1.265491e+03 8.400848e+01 6.193085e+01 2.969106e+02 -1 -1 -1 -1
